 0.01000  3.67838E-01  4.17994E-19  7.09581E-01 -1.37588E-21  2.95569E-01 -6.57542E-01  8.80415E-15 -1.16448E-06 -9.75266E-11  3.87794E-11
 0.03990  3.69114E-01 -1.30946E-14  7.14990E-01 -1.89073E-08  3.75305E-05  6.93679E-05  8.64768E-12 -7.28437E-05  3.30704E-16  7.29724E-05
 0.06980  3.71902E-01 -2.45694E-07  7.26969E-01 -1.87123E-04 -1.51727E-16  3.82004E-04  1.54106E-10 -6.01286E-11 -2.94541E-10 -5.43541E-11
 0.09970  3.76173E-01 -1.92018E-05  7.47029E-01 -1.09717E-03 -4.24293E-16  1.06938E-03 -3.14700E-10  9.39354E-11 -3.07889E-11 -1.29116E-10
 0.12960  3.81834E-01 -1.19728E-04  7.78165E-01 -2.99610E-03 -5.52650E-16  2.18655E-03  5.02952E-10  1.27494E-10 -2.86380E-10 -5.36815E-11
 0.15950  3.88713E-01 -3.18800E-04  8.21031E-01 -1.12067E-02 -4.77489E-16  3.45599E-03  2.61156E-09  3.94992E-11 -1.06123E-09  1.71510E-10
 0.18940  3.96639E-01 -5.85584E-04  8.70736E-01 -2.90067E-02 -4.22992E-09  1.14957E-09  6.01079E-09 -1.55063E-10 -2.35760E-09  5.46802E-10
 0.21930  4.05431E-01 -8.80476E-04  9.23956E-01 -5.53592E-02 -4.28006E-09  4.87475E-09  1.00889E-08 -3.29627E-10 -4.17591E-09  1.07338E-09
 0.24920  4.14861E-01 -1.10797E-03  9.79184E-01 -8.83300E-02 -9.30467E-10 -6.08802E-09  1.48928E-08 -5.02090E-10 -6.52388E-09  1.75233E-09
 0.27910  4.24730E-01 -1.01480E-03  1.03401E+00 -1.24597E-01  3.28573E-09 -8.70097E-09  1.33677E-09  9.02486E-09 -9.41080E-09  2.58450E-09
 0.30900  4.35053E-01 -2.20258E-04  1.08925E+00 -1.66990E-01  8.38040E-09 -2.96396E-09 -4.20501E-09  7.77663E-09 -1.28201E-08  3.57243E-09
 0.33890  4.46157E-01  1.55778E-03  1.14528E+00 -2.16173E-01  1.43865E-08  1.11396E-08 -1.73482E-09 -4.25041E-09 -1.67845E-08  4.75517E-09
 0.36880  4.58523E-01  4.26949E-03  1.19707E+00 -2.66442E-01  7.94899E-09  1.03389E-09  7.70373E-09 -8.34282E-09  7.75935E-09  4.13595E-09
 0.39870  4.72493E-01  7.51983E-03  1.24855E+00 -3.22868E-01 -7.50663E-09 -7.60292E-09  2.67606E-09  7.33796E-09  3.18252E-02 -1.43156E-01
 0.42860  4.88096E-01  1.07849E-02  1.29611E+00 -3.81854E-01 -8.34650E-09 -2.10024E-09  3.73282E-09  8.70438E-09  1.98178E-02 -1.79908E-01
 0.45850  5.05093E-01  1.36472E-02  1.34185E+00 -4.45936E-01  2.78543E-09  8.59255E-09  1.08903E-08 -4.25989E-09 -2.64064E-04 -2.04147E-01
 0.48840  5.23139E-01  1.58844E-02  1.37341E+00 -5.09819E-01  1.12722E-10  8.88272E-09  2.56514E-09 -5.51762E-09 -6.19026E-05 -2.46517E-01
 0.51830  5.41906E-01  1.74376E-02  1.38568E+00 -5.76425E-01 -1.14715E-08 -2.34421E-10 -4.28698E-09 -3.24896E-09  2.34015E-02 -3.08056E-01
 0.54820  5.61133E-01  1.83446E-02  1.37949E+00 -6.57493E-01 -2.50074E-09 -5.21946E-09 -9.66529E-09  2.54829E-09  6.03652E-02 -3.49942E-01
 0.57810  5.80632E-01  1.86876E-02  1.34264E+00 -7.39172E-01  9.57638E-09  4.97650E-09 -1.36679E-08  1.19330E-08  1.03480E-01 -3.89016E-01
 0.60800  6.00272E-01  1.85621E-02  1.28312E+00 -8.22100E-01  8.81713E-09  5.23252E-09 -3.06777E-09  9.68714E-09  1.57290E-01 -4.25649E-01
 0.63790  6.19970E-01  1.80606E-02  1.17215E+00 -9.09372E-01 -4.77728E-09 -4.45145E-09  7.48953E-09  3.97574E-09  2.22086E-01 -4.60124E-01
 0.66780  6.39670E-01  1.72660E-02 -6.48432E-10 -3.28082E-09 -7.09467E-09  5.16294E-09  1.26838E-08 -7.45879E-09  2.98146E-01 -4.90004E-01
 0.69770  6.59341E-01  1.62495E-02 -6.59341E-01  1.62495E-02  1.68223E-09  1.31064E-08  8.58235E-09 -4.74720E-09  3.86358E-01 -5.08374E-01
 0.72760  6.78966E-01  1.50706E-02 -4.72514E-01 -5.02205E-01  9.20158E-09  9.85271E-09 -4.80723E-09  1.21271E-08  4.72514E-01 -5.02205E-01
 0.75750  6.98536E-01  1.37782E-02 -5.50873E-01 -4.86833E-01  1.54852E-08 -4.63671E-09 -5.87001E-09 -3.28849E-09  5.50873E-01 -4.86833E-01
 0.78740  7.18051E-01  1.24108E-02 -7.18051E-01  1.24108E-02  1.13965E-08 -8.11505E-09 -5.04028E-09 -1.03880E-08  6.10444E-01 -4.56780E-01
 0.81730  7.37514E-01  1.10011E-02 -6.57750E-01 -4.27864E-01 -3.06978E-09 -5.84564E-10 -2.31976E-09 -9.17883E-09  6.57750E-01 -4.27864E-01
 0.84720  7.56928E-01  9.57429E-03  6.94420E-01 -3.95834E-01 -1.17572E-08  4.11160E-09  2.29431E-09  3.38687E-10 -6.94420E-01 -3.95836E-01
 0.87710  7.76303E-01  8.14816E-03  1.21701E-08  8.01024E-09 -1.46859E-08  5.96470E-09 -7.62600E-10  1.30661E-08 -7.28388E-01 -3.71663E-01
 0.90700  7.95643E-01  6.74090E-03  6.63136E-09 -1.21936E-09 -1.18754E-08  4.97443E-09 -7.95643E-01  6.74090E-03  7.56891E-01 -3.47066E-01
 0.93690  8.14958E-01  5.36025E-03  7.84455E-01 -3.27785E-01 -3.32796E-09  1.14346E-09 -8.14958E-01  5.36025E-03 -3.70870E-09 -5.02137E-09
 0.96680  8.34253E-01  4.01891E-03 -1.27825E-08 -2.96513E-09  1.09642E-08 -5.52943E-09 -8.34253E-01  4.01891E-03 -8.09212E-01 -3.08376E-01
 0.99670  8.53537E-01  2.71921E-03 -8.33351E-01 -2.92837E-01  8.26958E-09 -1.24413E-08 -8.53537E-01  2.71921E-03 -7.27038E-09  6.13512E-09
 1.02660  8.72812E-01  1.46832E-03 -2.58847E-09 -1.28983E-08 -1.15260E-08 -1.95784E-08 -8.72812E-01  1.46832E-03  8.56127E-01 -2.77139E-01
 1.05650  8.92089E-01  2.68630E-04 -2.04013E-09  1.52257E-09  3.90318E-09 -5.11652E-09 -8.92089E-01  2.68630E-04  8.78208E-01 -2.63082E-01
 1.08640  9.11370E-01 -8.81015E-04 -8.99750E-01 -2.50414E-01  1.16215E-08  9.74328E-09 -9.11370E-01 -8.81015E-04 -4.03376E-09 -5.76517E-09
 1.11630  9.30658E-01 -1.97539E-03  5.79284E-09  8.36054E-09 -6.89992E-09 -7.98339E-10 -9.30658E-01 -1.97539E-03 -9.21161E-01 -2.39548E-01
 1.14620  9.49961E-01 -3.01702E-03 -1.38759E-08  2.70390E-09  7.73401E-09 -6.82726E-09 -9.49961E-01 -3.01702E-03 -9.42054E-01 -2.28843E-01
 1.17610  9.69280E-01 -4.00841E-03 -9.62679E-01 -2.19046E-01  7.86458E-09 -8.69261E-09 -9.69280E-01 -4.00841E-03 -9.60425E-09  4.92087E-10
 1.20600  9.88616E-01 -4.94661E-03  5.86411E-09  2.49807E-09 -6.51008E-09 -6.40113E-09 -9.88616E-01 -4.94661E-03  9.83101E-01 -2.09997E-01
 1.23590  1.00797E+00 -5.83403E-03  7.96691E-09 -4.43075E-09 -3.54471E-08 -2.14107E-11 -1.00797E+00 -5.83403E-03  1.00343E+00 -2.01979E-01
 1.26580  1.02736E+00 -6.67449E-03 -1.02363E+00 -1.94168E-01 -1.03009E-08  2.89520E-09 -1.02736E+00 -6.67449E-03  1.00290E-08 -3.31029E-09
 1.29570  1.04676E+00 -7.46878E-03 -9.78506E-09 -1.53907E-09  1.42066E-08 -5.69871E-09 -1.04676E+00 -7.46878E-03 -1.04371E+00 -1.86898E-01
 1.32560  1.06620E+00 -8.21638E-03 -7.33487E-09  4.53182E-09 -1.05536E-09 -7.89469E-09 -1.06620E+00 -8.21638E-03 -1.06371E+00 -1.80129E-01
 1.35550  1.08566E+00 -8.92090E-03 -1.08366E+00 -1.73782E-01 -6.16914E-09  8.81197E-09 -1.08566E+00 -8.92090E-03  3.63592E-09 -1.15757E-08
 1.38540  1.10515E+00 -9.58449E-03  1.01589E-08 -4.31413E-09 -6.25847E-10  1.48516E-08 -1.10515E+00 -9.58449E-03  1.10356E+00 -1.67816E-01
 1.41530  1.12467E+00 -1.02107E-02  5.06391E-09  8.74229E-09  1.57266E-08  1.03570E-08 -1.12467E+00 -1.02107E-02  1.12342E+00 -1.62261E-01
 1.44520  1.14422E+00 -1.07978E-02 -1.14331E+00 -1.57120E-01  6.40763E-09  3.34614E-09 -1.14422E+00 -1.07978E-02 -7.91037E-10 -7.89937E-09
 1.47510  1.16380E+00 -1.13488E-02  1.78212E-09 -1.60975E-08 -7.58758E-09 -8.49398E-09 -1.16380E+00 -1.13488E-02 -1.16316E+00 -1.52152E-01
 1.50500  1.18341E+00 -1.18666E-02  1.17644E-08 -5.01203E-09 -6.98942E-09 -9.22613E-09 -1.18341E+00 -1.18666E-02 -1.18300E+00 -1.47463E-01
 1.53490  1.20305E+00 -1.23520E-02 -1.20284E+00 -1.43047E-01  8.21023E-09  1.15156E-09 -1.20305E+00 -1.23520E-02  4.95941E-09 -1.54269E-08
 1.56480  1.22272E+00 -1.28081E-02  4.63991E-09 -6.97161E-10 -3.74651E-11  1.30419E-08 -1.22272E+00 -1.28081E-02  1.22268E+00 -1.38852E-01
 1.59470  1.24242E+00 -1.32356E-02  1.72153E-04  6.54625E-09 -1.72153E-04  6.54643E-09 -1.24242E+00 -1.32356E-02  1.24253E+00 -1.34874E-01
 1.62460  1.26215E+00 -1.36349E-02 -1.26238E+00 -1.31098E-01 -9.61800E-09  4.69763E-09 -1.26215E+00 -1.36349E-02  1.08466E-08 -9.15190E-10
 1.65450  1.28191E+00 -1.40081E-02 -4.04574E-09 -1.00303E-08 -2.00298E-09  1.20724E-08 -1.28191E+00 -1.40081E-02 -1.28225E+00 -1.27522E-01
 1.68440  1.30170E+00 -1.43572E-02 -9.19098E-10 -1.25609E-08  1.86105E-09  1.24697E-08 -1.30170E+00 -1.43572E-02 -1.30213E+00 -1.24142E-01
 1.71430  1.32152E+00 -1.46839E-02 -1.32204E+00 -1.20884E-01  1.97128E-09  5.88934E-09 -1.32152E+00 -1.46839E-02 -5.77973E-09 -2.75358E-09
 1.74420  1.34137E+00 -1.49884E-02 -1.13475E-08  2.67181E-09 -1.67601E-09 -7.66860E-09 -1.34137E+00 -1.49884E-02  1.34195E+00 -1.17777E-01
 1.77410  1.36124E+00 -1.52728E-02 -4.85554E-09 -1.49348E-08  8.72092E-09  7.23657E-09 -1.36124E+00 -1.52728E-02  1.36189E+00 -1.14813E-01
 1.80400  1.38114E+00 -1.55377E-02 -1.38184E+00 -1.11990E-01  1.02548E-08  1.98734E-09 -1.38114E+00 -1.55377E-02 -4.95497E-09  9.12203E-09
 1.83390  1.40107E+00 -1.57845E-02 -2.64749E-09 -1.18993E-08  2.90329E-09 -2.34271E-08 -1.40107E+00 -1.57845E-02 -1.40182E+00 -1.09280E-01
 1.86380  1.42103E+00 -1.60135E-02  1.23030E-08  7.31645E-09 -5.03060E-09 -5.81178E-09 -1.42103E+00 -1.60135E-02 -1.42181E+00 -1.06687E-01
 1.89370  1.44101E+00 -1.62259E-02 -1.44182E+00 -1.04203E-01  2.68616E-09  1.18533E-08 -1.44101E+00 -1.62259E-02 -2.70086E-09 -1.20574E-08
 1.92360  1.46101E+00 -1.64229E-02  6.67026E-09 -2.19552E-09  2.36546E-09  6.55469E-09 -1.46101E+00 -1.64229E-02  1.46185E+00 -1.01822E-01
 1.95350  1.48104E+00 -1.66057E-02  6.72531E-09  1.76475E-09 -3.23404E-09 -2.25073E-09 -1.48104E+00 -1.66057E-02  1.48190E+00 -9.95451E-02
 1.98340  1.50110E+00 -1.67751E-02 -1.50197E+00 -9.73523E-02 -1.41163E-08 -1.45806E-08 -1.50110E+00 -1.67751E-02  4.73965E-09  5.91206E-09
 2.01330  1.52117E+00 -1.69311E-02 -9.99927E-09  4.78850E-09 -1.71770E-09 -9.06903E-09 -1.52117E+00 -1.69311E-02 -1.52206E+00 -9.52451E-02
 2.04320  1.54128E+00 -1.70749E-02 -1.31061E-04  3.99498E-09  1.31061E-04  3.99436E-09 -1.54128E+00 -1.70749E-02 -1.54218E+00 -9.32194E-02
 2.07310  1.56140E+00 -1.72074E-02 -1.56231E+00 -9.12787E-02  1.43673E-04  4.94017E-09 -1.56140E+00 -1.72074E-02 -1.43673E-04  4.94056E-09
 2.10300  1.58155E+00 -1.73287E-02  1.57141E-04  6.06802E-09 -1.57141E-04  6.06859E-09 -1.58155E+00 -1.73287E-02  1.58246E+00 -8.94018E-02
 2.13290  1.60171E+00 -1.74399E-02 -1.71493E-04  7.41607E-09  1.71493E-04  7.41575E-09 -1.60171E+00 -1.74399E-02  1.60263E+00 -8.75942E-02
 2.16280  1.62190E+00 -1.75415E-02 -1.62282E+00 -8.58564E-02  1.86752E-04  9.00614E-09 -1.62190E+00 -1.75415E-02 -1.86752E-04  9.00714E-09
 2.19270  1.64211E+00 -1.76336E-02  4.06042E-09  1.35902E-08  2.96988E-10 -9.15714E-09 -1.64211E+00 -1.76336E-02 -1.64303E+00 -8.41766E-02
 2.22260  1.66234E+00 -1.77168E-02  7.62607E-09 -2.23573E-09  6.58826E-10  2.73764E-09 -1.66234E+00 -1.77168E-02 -1.66326E+00 -8.25549E-02
 2.25250  1.68259E+00 -1.77918E-02 -1.68351E+00 -8.09891E-02  5.36738E-10  1.12606E-09 -1.68259E+00 -1.77918E-02  2.83725E-09 -7.91006E-09
 2.28240  1.70285E+00 -1.78591E-02  1.84578E-09 -7.34124E-09 -9.11098E-11 -1.40067E-08 -1.70285E+00 -1.78591E-02  1.70377E+00 -7.94767E-02
 2.31230  1.72314E+00 -1.79193E-02 -1.08963E-09  1.61141E-08 -1.00282E-08 -4.18764E-09 -1.72314E+00 -1.79193E-02  1.72405E+00 -7.80152E-02
 2.34220  1.74344E+00 -1.79728E-02 -1.74435E+00 -7.66023E-02 -1.34992E-08  9.32666E-09 -1.74344E+00 -1.79728E-02  4.36436E-09 -4.85430E-09
 2.37210  1.76376E+00 -1.80198E-02  7.35405E-09 -3.17365E-09 -4.73232E-09  9.00436E-09 -1.76376E+00 -1.80198E-02 -1.76466E+00 -7.52362E-02
 2.40200  1.78410E+00 -1.80604E-02  3.97124E-09  9.56532E-09  1.61984E-08 -5.22952E-09 -1.78410E+00 -1.80604E-02 -1.78500E+00 -7.39137E-02
 2.43190  1.80445E+00 -1.80952E-02 -1.80534E+00 -7.26356E-02 -6.20407E-09 -6.72063E-09 -1.80445E+00 -1.80952E-02  6.98298E-09  6.42254E-09
 2.46180  1.82483E+00 -1.81245E-02 -5.04425E-09 -9.07516E-09 -1.33185E-08 -8.05268E-11 -1.82483E+00 -1.81245E-02  1.82571E+00 -7.13948E-02
 2.49170  1.84521E+00 -1.81487E-02  9.06896E-09  1.39756E-09 -5.16703E-09  1.47126E-08 -1.84521E+00 -1.81487E-02  1.84609E+00 -7.01923E-02
 2.52160  1.86561E+00 -1.81678E-02 -1.86648E+00 -6.90265E-02 -1.06937E-04  2.64667E-09 -1.86561E+00 -1.81678E-02  1.06937E-04  2.64660E-09
 2.55150  1.88603E+00 -1.81824E-02  1.15839E-04  3.16695E-09 -1.15839E-04  3.16655E-09 -1.88603E+00 -1.81824E-02 -1.88689E+00 -6.78963E-02
 2.58140  1.90646E+00 -1.81927E-02 -1.25272E-04  3.79728E-09  1.25272E-04  3.79714E-09 -1.90646E+00 -1.81927E-02 -1.90731E+00 -6.67992E-02
 2.61130  1.92691E+00 -1.81991E-02 -1.92775E+00 -6.57355E-02  1.35253E-04  4.50879E-09 -1.92691E+00 -1.81991E-02 -1.35253E-04  4.50728E-09
 2.64120  1.94737E+00 -1.82014E-02  1.45795E-04  5.32904E-09 -1.45795E-04  5.32981E-09 -1.94737E+00 -1.82014E-02  1.94820E+00 -6.47015E-02
 2.67110  1.96784E+00 -1.82001E-02 -1.56913E-04  6.28088E-09  1.56913E-04  6.28029E-09 -1.96784E+00 -1.82001E-02  1.96867E+00 -6.36970E-02
 2.70100  1.98833E+00 -1.81952E-02 -1.98915E+00 -6.27211E-02  1.68619E-04  7.37607E-09 -1.98833E+00 -1.81952E-02 -1.68619E-04  7.37573E-09
 2.73090  2.00883E+00 -1.81869E-02  1.27935E-04  5.37297E-09 -1.27935E-04  5.37302E-09 -2.00883E+00 -1.81869E-02 -2.00964E+00 -6.17737E-02
 2.76080  2.02935E+00 -1.81756E-02  1.00815E-08 -1.20512E-09 -6.58869E-09  2.77659E-09 -2.02935E+00 -1.81756E-02 -2.03014E+00 -6.08516E-02
 2.79070  2.04987E+00 -1.81613E-02 -2.05066E+00 -5.99542E-02  1.09270E-08 -2.29393E-09 -2.04987E+00 -1.81613E-02 -7.91198E-09  2.76845E-09
 2.82060  2.07041E+00 -1.81443E-02 -1.62078E-08  2.38082E-09  1.42619E-08 -1.39475E-09 -2.07041E+00 -1.81443E-02  2.07119E+00 -5.90808E-02
 2.85050  2.09096E+00 -1.81248E-02  5.00598E-09  8.16966E-09  3.42017E-09  5.48426E-09 -2.09096E+00 -1.81248E-02  2.09173E+00 -5.82307E-02
 2.88040  2.11152E+00 -1.81030E-02 -2.11228E+00 -5.74029E-02 -1.23665E-08  1.05733E-08 -2.11152E+00 -1.81030E-02  8.18312E-09 -7.46955E-09
 2.91030  2.13209E+00 -1.80789E-02 -1.24729E-08  1.15195E-09  8.03329E-09 -5.55310E-09 -2.13209E+00 -1.80789E-02 -2.13284E+00 -5.65968E-02
 2.94020  2.15267E+00 -1.80525E-02  7.08716E-09  6.65841E-09 -1.80667E-09 -1.73673E-08 -2.15267E+00 -1.80525E-02 -2.15342E+00 -5.58114E-02
 2.97010  2.17327E+00 -1.80240E-02 -2.17400E+00 -5.50461E-02 -7.69158E-09  1.30665E-08 -2.17327E+00 -1.80240E-02  2.75563E-09 -6.18009E-09
