 0.01000  3.67833E-01  4.59334E-19  7.09643E-01 -3.74392E-21  2.96852E-01 -6.58382E-01
 0.03990  3.69040E-01 -6.17364E-21  7.16009E-01 -2.38663E-18  2.15053E-05  9.66437E-05
 0.06980  3.71665E-01 -2.37832E-17  7.30385E-01 -2.12462E-10  1.46970E-04 -2.60083E-16
 0.09970  3.75651E-01 -4.42143E-16  7.54011E-01 -3.43306E-05 -5.13056E-11  2.53614E-11
 0.12960  3.80909E-01  1.02258E-12  7.90152E-01 -2.25555E-03 -6.03236E-11  9.02839E-11
 0.15950  3.87321E-01  1.04438E-08  8.37884E-01 -1.35853E-02 -2.16854E-11  1.58147E-11
 0.18940  3.94728E-01  1.80128E-06  8.91314E-01 -3.56820E-02 -2.43788E-11 -5.69735E-11
 0.21930  4.02898E-01  4.17654E-05  9.47573E-01 -6.64795E-02 -3.64949E-11 -2.08662E-11
 0.24920  4.11537E-01  3.24080E-04  1.00519E+00 -1.04108E-01  7.38397E-12  6.14068E-11
 0.27910  4.20520E-01  1.31489E-03  1.06379E+00 -1.48976E-01 -1.80312E-12  2.87157E-11
 0.30900  4.30167E-01  3.51584E-03  1.12098E+00 -1.98836E-01 -3.25149E-11 -3.95357E-11
 0.33890  4.41169E-01  7.03576E-03  1.17656E+00 -2.54885E-01 -5.11126E-11 -3.91922E-11
 0.36880  4.54138E-01  1.14002E-02  1.23249E+00 -3.19907E-01 -1.51821E-11  3.05819E-11
 0.39870  4.69208E-01  1.58402E-02  1.28654E+00 -3.92246E-01 -2.53160E-11  5.75782E-11
 0.42860  4.86057E-01  1.97311E-02  1.33929E+00 -4.73229E-01 -4.53791E-11  1.62125E-11
 0.45850  5.04191E-01  2.27666E-02  1.39198E+00 -5.64833E-01 -3.65046E-11 -2.28977E-11
 0.48840  5.23160E-01  2.48924E-02  1.44702E+00 -6.69801E-01 -1.07608E-11 -1.65360E-11
 0.51830  5.42627E-01  2.61859E-02  1.50889E+00 -7.91743E-01  2.21341E-11  2.03870E-11
 0.54820  5.62364E-01  2.67739E-02  1.55406E+00 -9.13179E-01  4.66834E-11  4.22282E-11
 0.57810  5.82222E-01  2.67893E-02  1.58464E+00 -1.03553E+00  1.91228E-11  3.33061E-11
 0.60800  6.02111E-01  2.63535E-02  1.19757E+00 -9.22193E-01 -2.85995E-11 -1.62473E-11
 0.63790  6.21975E-01  2.55708E-02  2.76660E-01 -4.95945E-01 -6.01072E-11 -4.21806E-11
 0.66780  6.41785E-01  2.45275E-02 -5.81457E-11 -1.40801E-11 -3.96834E-11 -6.27293E-11
 0.69770  6.61527E-01  2.32938E-02  1.62557E-11 -1.82069E-11  6.30350E-11  7.30399E-12
 0.72760  6.81195E-01  2.19261E-02  5.35655E-01 -4.95034E-01  7.83484E-11  3.46771E-11
 0.75750  7.00792E-01  2.04693E-02 -1.16469E-11  3.06825E-12  1.67631E-12  1.33082E-11
 0.78740  7.20323E-01  1.89597E-02 -6.44375E-01 -4.36443E-01 -3.96129E-11  3.49946E-11
 0.81730  7.39794E-01  1.74243E-02 -7.39794E-01  1.74243E-02 -3.79647E-11  4.07381E-11
 0.84720  7.59216E-01  1.58853E-02 -7.59216E-01  1.58853E-02 -5.77890E-12  2.48831E-11
 0.87710  7.78595E-01  1.43597E-02 -7.44367E-01 -3.54130E-01  3.11125E-11  5.51963E-12
 0.90700  7.97942E-01  1.28595E-02 -7.97942E-01  1.28595E-02  3.31984E-11 -3.13478E-11
 0.93690  8.17261E-01  1.13949E-02 -7.97040E-01 -3.14711E-01  4.94598E-12 -3.42174E-11
 0.96680  8.36564E-01  9.97305E-03 -3.79563E-11  2.87366E-11 -3.64712E-11 -8.73073E-12
 0.99670  8.55855E-01  8.59749E-03  8.44069E-01 -2.82676E-01 -5.01917E-11  1.67265E-11
 1.02660  8.75141E-01  7.27424E-03 -8.75141E-01  7.27424E-03 -3.17465E-11  1.81368E-11
 1.05650  8.94428E-01  6.00224E-03 -7.95818E-11  6.04416E-11  1.42844E-11 -3.42601E-12
 1.08640  9.13718E-01  4.78440E-03 -9.08999E-01 -2.43906E-01  2.96654E-11 -5.52653E-11
 1.11630  9.33019E-01  3.62180E-03 -9.33019E-01  3.62179E-03 -1.14286E-11 -4.08077E-11
 1.14620  9.52334E-01  2.51163E-03  4.61337E-13  3.60874E-13 -3.10965E-11  1.92652E-11
 1.17610  9.71664E-01  1.45405E-03 -1.64498E-11 -1.91223E-11 -1.38353E-12  4.41641E-11
 1.20600  9.91012E-01  4.49738E-04 -9.91012E-01  4.49738E-04  2.89468E-11  4.92029E-11
 1.23590  1.01038E+00 -5.04377E-04 -8.75635E-13 -7.60792E-14  3.06378E-11  9.65894E-12
 1.26580  1.02978E+00 -1.41115E-03  3.48116E-11 -1.81505E-12  3.35586E-11 -3.13674E-11
 1.29570  1.04919E+00 -2.27041E-03 -1.04919E+00 -2.27041E-03 -7.29096E-12 -4.55208E-11
 1.32560  1.06864E+00 -3.08341E-03 -1.00124E-12 -4.27174E-13 -2.37184E-11 -1.62643E-11
 1.35550  1.08811E+00 -3.85297E-03  4.62086E-11 -9.50715E-13 -2.70372E-12  2.67583E-11
 1.38540  1.10761E+00 -4.58163E-03 -1.10761E+00 -4.58163E-03  5.87472E-12  3.58090E-11
 1.41530  1.12714E+00 -5.27157E-03 -1.01215E-12 -8.16572E-13  1.61767E-12  9.42905E-12
 1.44520  1.14669E+00 -5.92273E-03  5.84342E-11 -4.41731E-13 -5.11674E-12 -3.27616E-11
 1.47510  1.16628E+00 -6.53731E-03 -1.16628E+00 -6.53731E-03  3.31701E-11 -5.61139E-11
 1.50500  1.18589E+00 -7.11750E-03 -9.85524E-13 -1.19461E-12  4.38667E-11 -2.34771E-11
 1.53490  1.20554E+00 -7.66530E-03  7.11188E-11 -4.70960E-13  7.72105E-12  4.44378E-11
 1.56480  1.22521E+00 -8.18258E-03 -1.22521E+00 -8.18258E-03  2.68802E-12  4.54795E-11
 1.59470  1.24492E+00 -8.67094E-03 -1.56942E-12  8.99504E-13  2.44940E-11 -1.09219E-11
 1.62460  1.26465E+00 -9.13067E-03  8.37276E-11 -9.32506E-13 -4.82630E-12 -6.23974E-11
 1.65450  1.28441E+00 -9.56363E-03 -1.28441E+00 -9.56363E-03 -2.65978E-11 -7.04877E-11
 1.68440  1.30420E+00 -9.97137E-03 -1.91871E-12  7.79674E-13 -2.15393E-11 -3.51096E-11
 1.71430  1.32402E+00 -1.03553E-02  9.65727E-11 -1.85704E-12 -4.81319E-12  3.33836E-11
 1.74420  1.34386E+00 -1.07168E-02 -1.34386E+00 -1.07168E-02  3.72860E-11  3.78002E-11
 1.77410  1.36373E+00 -1.10572E-02 -3.36564E-14 -3.04703E-12  3.87370E-11  7.80086E-13
 1.80400  1.38363E+00 -1.13777E-02  3.46757E-13 -3.31722E-13 -2.22919E-11 -3.62903E-11
 1.83390  1.40356E+00 -1.16788E-02 -1.40356E+00 -1.16788E-02 -4.68429E-11 -1.24267E-11
 1.86380  1.42351E+00 -1.19615E-02 -2.59713E-12  4.69462E-13 -1.14040E-11  2.45516E-11
 1.89370  1.44348E+00 -1.22268E-02  3.65660E-13 -3.94209E-13  4.01560E-11  6.34365E-12
 1.92360  1.46348E+00 -1.24758E-02 -1.46348E+00 -1.24758E-02  5.51750E-11 -1.20037E-11
 1.95350  1.48351E+00 -1.27094E-02 -2.90351E-12  3.09251E-13  1.97989E-11 -1.08102E-13
 1.98340  1.50356E+00 -1.29283E-02  4.06468E-13 -4.54488E-13 -8.70674E-12  4.03594E-11
 2.01330  1.52363E+00 -1.31335E-02 -1.52363E+00 -1.31335E-02 -9.50498E-12  5.87516E-11
 2.04320  1.54372E+00 -1.33255E-02 -3.20946E-12  1.38947E-13 -6.46806E-12  2.60593E-11
 2.07310  1.56384E+00 -1.35052E-02  4.39177E-13 -5.09304E-13  3.77256E-12 -1.95968E-11
 2.10300  1.58398E+00 -1.36733E-02 -1.58398E+00 -1.36733E-02  8.56743E-12 -3.53042E-11
 2.13290  1.60413E+00 -1.38303E-02 -3.50974E-12 -2.59077E-14  6.19169E-12 -1.32672E-11
 2.16280  1.62431E+00 -1.39765E-02  4.81515E-13 -5.59505E-13 -6.72209E-12  2.63332E-11
 2.19270  1.64451E+00 -1.41126E-02 -1.64451E+00 -1.41126E-02 -4.21796E-12  4.20806E-11
 2.22260  1.66473E+00 -1.42392E-02 -3.79712E-12 -1.90359E-13  1.21760E-11  1.94128E-11
 2.25250  1.68497E+00 -1.43568E-02  5.04790E-13 -6.21154E-13  3.13160E-11 -8.39502E-12
 2.28240  1.70523E+00 -1.44659E-02 -1.70523E+00 -1.44659E-02  3.89727E-11 -1.65997E-11
 2.31230  1.72550E+00 -1.45668E-02 -4.17895E-12 -5.03786E-13  3.13613E-11 -1.40554E-11
 2.34220  1.74580E+00 -1.46601E-02  5.37415E-13 -6.79085E-13  7.80335E-12 -2.31972E-13
 2.37210  1.76611E+00 -1.47462E-02 -1.76611E+00 -1.47462E-02 -1.67928E-11  2.18323E-11
 2.40200  1.78643E+00 -1.48253E-02 -4.36982E-12 -5.10157E-13 -1.03562E-11  4.00897E-11
 2.43190  1.80678E+00 -1.48979E-02  5.63469E-13 -7.35155E-13  3.90354E-11  3.18401E-11
 2.46180  1.82714E+00 -1.49644E-02 -1.82714E+00 -1.49644E-02  4.71255E-11 -6.02393E-11
 2.49170  1.84752E+00 -1.50250E-02 -4.64514E-12 -6.62792E-13  8.30609E-13 -4.21507E-11
 2.52160  1.86791E+00 -1.50800E-02  5.82492E-13 -7.99822E-13 -4.62763E-11 -5.71982E-13
 2.55150  1.88831E+00 -1.51297E-02 -1.88831E+00 -1.51297E-02 -5.35686E-11  2.22083E-11
 2.58140  1.90874E+00 -1.51744E-02 -4.92620E-12 -8.07410E-13 -2.30353E-11  1.61684E-11
 2.61130  1.92917E+00 -1.52143E-02  6.05088E-13 -8.58767E-13  2.85947E-11 -6.26598E-12
 2.64120  1.94962E+00 -1.52497E-02 -1.94962E+00 -1.52497E-02  4.10052E-11 -5.50048E-11
 2.67110  1.97008E+00 -1.52808E-02 -5.20314E-12 -9.54021E-13  3.80787E-11  1.80419E-11
 2.70100  1.99056E+00 -1.53078E-02  6.26734E-13 -9.21835E-13  1.53841E-11  1.26585E-12
 2.73090  2.01105E+00 -1.53310E-02 -2.01105E+00 -1.53310E-02  9.83859E-12 -3.76132E-11
 2.76080  2.03155E+00 -1.53504E-02 -5.47878E-12 -1.09935E-12  7.85021E-12 -1.26613E-11
 2.79070  2.05206E+00 -1.53664E-02  6.47634E-13 -9.76931E-13 -1.79455E-13  3.15452E-11
 2.82060  2.07259E+00 -1.53791E-02 -2.07259E+00 -1.53791E-02 -2.11304E-12  5.10350E-11
 2.85050  2.09313E+00 -1.53887E-02 -5.75370E-12 -1.23663E-12 -1.79938E-11  2.55974E-11
 2.88040  2.11368E+00 -1.53953E-02  6.59772E-13 -1.04617E-12 -4.37472E-11 -1.58223E-11
 2.91030  2.13424E+00 -1.53991E-02 -2.13424E+00 -1.53991E-02 -4.11789E-11 -2.33937E-11
 2.94020  2.15481E+00 -1.54002E-02 -6.02808E-12 -1.36552E-12 -8.25805E-12  2.18767E-12
 2.97010  2.17539E+00 -1.53987E-02  6.71648E-13 -1.11297E-12  1.16064E-11  4.66203E-11
