 0.01000  3.67843E-01 -1.01483E-20 -1.05666E-15 -1.42940E-06  9.31197E-11 -6.15518E-11  7.09511E-01  1.98770E-22 -3.67843E-01  1.02452E-21
 0.03990  3.69198E-01 -4.07660E-16 -7.16624E-11  2.30199E-11  5.80135E-11 -2.23475E-11  7.13841E-01 -3.54359E-09 -3.69198E-01 -4.07655E-16
 0.06980  3.72165E-01 -1.35163E-07 -1.97998E-16  4.81543E-04  1.21369E-10 -2.55922E-11  7.23170E-01 -2.24839E-04 -3.72165E-01 -1.35163E-07
 0.09970  3.76739E-01 -2.14705E-05 -3.91340E-16  1.39700E-03  2.83383E-10 -7.10138E-11  7.38855E-01 -2.05527E-03 -3.76739E-01 -2.14705E-05
 0.12960  3.82855E-01 -1.76622E-04 -4.71764E-16  3.04924E-03  5.43926E-10 -1.58525E-10  7.64102E-01 -4.52714E-03 -3.82855E-01 -1.76622E-04
 0.15950  3.90300E-01 -5.39294E-04 -2.61682E-16  5.63237E-03  9.03180E-10 -2.88683E-10  8.00572E-01 -1.01689E-02 -3.90300E-01 -5.39294E-04
 0.18940  3.98857E-01 -1.07174E-03 -8.20302E-16  9.04680E-03  1.36370E-09 -4.63010E-10  8.45221E-01 -2.32877E-02 -3.98857E-01 -1.07174E-03
 0.21930  4.08352E-01 -1.71005E-03  8.51747E-17  1.14870E-02  1.92766E-09 -6.81694E-10  8.94073E-01 -4.36372E-02 -4.08352E-01 -1.71005E-03
 0.24920  4.18620E-01 -2.39234E-03 -1.85896E-15  9.32737E-03  2.59686E-09 -9.45323E-10  9.45703E-01 -7.06544E-02 -4.18620E-01 -2.39234E-03
 0.27910  4.29481E-01 -3.01221E-03 -1.12746E-07 -5.65884E-08  3.37339E-09 -1.25515E-09  9.97854E-01 -1.00715E-01 -4.29481E-01 -3.01221E-03
 0.30900  4.40808E-01 -3.37018E-03 -1.02640E-05 -1.62257E-02  4.25975E-09 -1.61292E-09  1.05073E+00 -1.35531E-01 -4.40808E-01 -3.37018E-03
 0.33890  4.52624E-01 -3.22409E-03 -5.55154E-05 -3.65885E-02  5.26218E-09 -2.02044E-09  1.10212E+00 -1.72495E-01 -4.52624E-01 -3.22409E-03
 0.36880  4.65122E-01 -2.41534E-03 -1.04628E-04 -5.76118E-02  6.38499E-09 -2.48169E-09  1.15384E+00 -2.14515E-01 -4.65122E-01 -2.41534E-03
 0.39870  4.78568E-01 -9.77844E-04 -1.27001E-04 -7.93452E-02  7.63473E-09 -3.00156E-09  1.20036E+00 -2.55873E-01 -4.78568E-01 -9.77844E-04
 0.42860  4.93159E-01  8.71645E-04 -1.34282E-04 -1.03937E-01  9.02902E-09 -3.57266E-09  1.24466E+00 -3.01075E-01 -4.93159E-01  8.71645E-04
 0.45850  5.08933E-01  2.82647E-03 -1.26785E-04 -1.32490E-01  1.05794E-08 -4.19684E-09  1.28253E+00 -3.47961E-01 -5.08933E-01  2.82647E-03
 0.48840  5.25777E-01  4.61254E-03 -1.05374E-04 -1.69628E-01  1.23052E-08 -4.87915E-09  1.31425E+00 -4.00089E-01 -5.25777E-01  4.61254E-03
 0.51830  5.43492E-01  6.04657E-03 -5.14082E-05 -2.12869E-01  1.42326E-08 -5.61600E-09  1.33311E+00 -4.55677E-01 -5.43492E-01  6.04657E-03
 0.54820  5.61859E-01  7.04326E-03  7.80870E-04 -2.93619E-01  1.63146E-08 -6.36841E-09  1.34563E+00 -5.23047E-01 -5.61859E-01  7.04326E-03
 0.57810  5.80686E-01  7.59044E-03  6.18058E-02 -3.25068E-01  1.85791E-08 -7.16999E-09  1.33602E+00 -5.90023E-01 -5.80686E-01  7.59044E-03
 0.60800  5.99816E-01  7.71983E-03  1.06869E-01 -3.63518E-01  2.11136E-08 -8.07431E-09  1.31082E+00 -6.74329E-01 -5.99816E-01  7.71983E-03
 0.63790  6.19132E-01  7.48500E-03  1.58787E-01 -4.11238E-01  1.28380E-08 -7.60418E-09  1.25270E+00 -7.79186E-01 -6.19132E-01  7.48500E-03
 0.66780  6.38550E-01  6.94713E-03  2.19231E-01 -4.45035E-01 -6.25869E-09 -5.76921E-09  1.14795E+00 -8.97833E-01 -6.38550E-01  6.94713E-03
 0.69770  6.58012E-01  6.16662E-03  2.90846E-01 -4.74137E-01 -1.99696E-08 -3.12902E-09  8.29194E-01 -1.55888E+00 -6.58012E-01  6.16662E-03
 0.72760  6.77482E-01  5.19878E-03  3.74980E-01 -4.94864E-01 -2.35282E-08 -6.65030E-09  7.62133E-01 -2.45256E+00 -6.77482E-01  5.19878E-03
 0.75750  6.96934E-01  4.09175E-03  4.62203E-01 -4.99726E-01 -1.69731E-08 -1.64038E-08  7.51107E-01 -2.93859E+00 -6.96934E-01  4.09175E-03
 0.78740  7.16358E-01  2.88658E-03  5.40776E-01 -4.82337E-01 -2.98544E-10 -2.24909E-08  1.37039E-09  1.23244E-08 -7.16358E-01  2.88658E-03
 0.81730  7.35746E-01  1.61922E-03  6.08782E-01 -4.60182E-01  1.48377E-08 -1.38511E-08 -7.35746E-01  1.61922E-03 -6.08783E-01 -4.60183E-01
 0.84720  7.55097E-01  3.18295E-04  6.59440E-01 -4.30094E-01  1.94601E-08  1.45191E-08 -6.59438E-01 -4.30094E-01 -9.10549E-09 -6.00241E-09
 0.87710  7.74414E-01 -9.96629E-04  6.98425E-01 -3.96954E-01  1.30231E-08  7.17183E-09 -6.98425E-01 -3.96954E-01 -7.74414E-01 -9.96629E-04
 0.90700  7.93702E-01 -2.30212E-03  7.33504E-01 -3.71654E-01  1.85629E-10 -1.14438E-08 -7.93702E-01 -2.30212E-03 -7.33504E-01 -3.71655E-01
 0.93690  8.12964E-01 -3.59006E-03  7.62827E-01 -3.46734E-01  8.61220E-09 -1.21450E-08 -8.12964E-01 -3.59006E-03 -7.62809E-01 -3.46743E-01
 0.96680  8.32209E-01 -4.84343E-03  7.90809E-01 -3.26756E-01  2.48031E-08  2.68757E-09 -7.90809E-01 -3.26756E-01 -8.32209E-01 -4.84343E-03
 0.99670  8.51440E-01 -6.06102E-03  8.16040E-01 -3.07364E-01 -2.95572E-10  1.83004E-08 -4.60727E-09 -6.59855E-09 -8.51440E-01 -6.06102E-03
 1.02660  8.70666E-01 -7.22924E-03  8.40427E-01 -2.91530E-01 -1.74918E-08  1.09863E-08 -8.70666E-01 -7.22924E-03 -8.40435E-01 -2.91519E-01
 1.05650  8.89891E-01 -8.35262E-03  8.63577E-01 -2.75845E-01 -6.18388E-09 -1.38558E-08 -8.63577E-01 -2.75845E-01 -6.87535E-09  1.44236E-08
 1.08640  9.09118E-01 -9.42063E-03  8.85942E-01 -2.61866E-01  1.65666E-08 -7.93293E-09 -9.91103E-09  9.18010E-09 -9.09118E-01 -9.42063E-03
 1.11630  9.28358E-01 -1.04359E-02  9.07740E-01 -2.49382E-01  7.14530E-09  2.18884E-08 -9.28358E-01 -1.04359E-02 -9.07740E-01 -2.49382E-01
 1.14620  9.47608E-01 -1.14012E-02  9.29373E-01 -2.38481E-01  3.84028E-09  1.86511E-08 -9.29373E-01 -2.38481E-01 -1.74545E-09 -1.76183E-08
 1.17610  9.66875E-01 -1.23094E-02  9.50494E-01 -2.27938E-01  6.69457E-09 -1.77469E-08  1.15525E-08  9.57219E-09 -9.66875E-01 -1.23094E-02
 1.20600  9.86164E-01 -1.31656E-02  9.71334E-01 -2.18334E-01  7.18444E-09 -1.70913E-08 -9.86164E-01 -1.31656E-02 -9.71334E-01 -2.18334E-01
 1.23590  1.00547E+00 -1.39748E-02  9.91978E-01 -2.09451E-01  5.31206E-09  2.06334E-08 -9.91978E-01 -2.09451E-01 -3.60530E-09 -1.84593E-08
 1.26580  1.02481E+00 -1.47303E-02  1.01254E+00 -2.01462E-01 -4.85056E-09  1.01780E-08  1.41261E-08  1.92857E-09 -1.02481E+00 -1.47303E-02
 1.29570  1.04417E+00 -1.54386E-02  1.03292E+00 -1.93782E-01 -4.35879E-09 -1.71198E-08 -1.04417E+00 -1.54386E-02  8.57895E-09  9.00235E-09
 1.32560  1.06357E+00 -1.61017E-02  1.05321E+00 -1.86706E-01 -1.99883E-09 -1.47988E-08 -1.06357E+00 -1.61017E-02 -7.67043E-09  8.86039E-09
 1.35550  1.08298E+00 -1.67237E-02  1.07340E+00 -1.80054E-01  2.23183E-09  1.71567E-08 -9.14562E-09 -1.23570E-08 -1.08298E+00 -1.67237E-02
 1.38540  1.10243E+00 -1.73002E-02  1.09354E+00 -1.73859E-01 -2.83169E-09  1.07800E-08 -1.10243E+00 -1.73002E-02 -1.09354E+00 -1.73858E-01
 1.41530  1.12192E+00 -1.78380E-02  1.11364E+00 -1.68032E-01 -7.11139E-09 -1.59639E-08 -1.11364E+00 -1.68032E-01  1.69686E-08  1.34962E-08
 1.44520  1.14143E+00 -1.83380E-02  1.13372E+00 -1.62630E-01 -1.63157E-08 -1.31146E-08  8.18601E-09 -4.29909E-09 -1.14143E+00 -1.83380E-02
 1.47510  1.16098E+00 -1.88041E-02  1.15376E+00 -1.57489E-01 -3.04586E-08  1.93263E-08 -1.16098E+00 -1.88041E-02 -1.15376E+00 -1.57489E-01
 1.50500  1.18056E+00 -1.92356E-02  1.17379E+00 -1.52645E-01  8.12577E-09  2.00274E-08 -1.18056E+00 -1.92356E-02 -8.13530E-09 -1.01261E-08
 1.53490  1.20017E+00 -1.96336E-02  1.19381E+00 -1.48048E-01  1.97896E-08 -5.18795E-09 -3.83692E-09  2.80600E-09 -1.20017E+00 -1.96336E-02
 1.56480  1.21982E+00 -2.00016E-02  1.21382E+00 -1.43699E-01  1.68686E-08 -4.47743E-09 -1.21982E+00 -2.00016E-02 -1.21382E+00 -1.43699E-01
 1.59470  1.23949E+00 -2.03428E-02  1.23383E+00 -1.39612E-01 -5.95503E-10  2.22206E-08 -1.23383E+00 -1.39612E-01 -6.14406E-09 -1.50252E-08
 1.62460  1.25920E+00 -2.06574E-02  1.25384E+00 -1.35721E-01 -4.06488E-09  1.47433E-08 -7.28561E-09 -1.43796E-08 -1.25920E+00 -2.06574E-02
 1.65450  1.27894E+00 -2.09462E-02  1.27386E+00 -1.32037E-01  6.37944E-09 -2.71085E-08 -1.27894E+00 -2.09462E-02 -1.27386E+00 -1.32037E-01
 1.68440  1.29871E+00 -2.12120E-02  1.29389E+00 -1.28512E-01  1.03052E-08 -5.34909E-09 -1.29389E+00 -1.28512E-01 -8.00663E-09  6.92589E-09
 1.71430  1.31851E+00 -2.14545E-02  1.31393E+00 -1.25172E-01 -4.89219E-09  1.26350E-08 -2.87168E-09 -1.35150E-08 -1.31851E+00 -2.14545E-02
 1.74420  1.33834E+00 -2.16756E-02  1.33399E+00 -1.21970E-01 -1.60305E-08  1.35952E-08 -1.33834E+00 -2.16785E-02 -1.33399E+00 -1.21970E-01
 1.77410  1.35821E+00 -2.18774E-02  1.35405E+00 -1.18918E-01 -2.30822E-08 -2.53358E-09 -1.35405E+00 -1.18918E-01  2.01789E-08 -1.52411E-09
 1.80400  1.37810E+00 -2.20622E-02  1.37413E+00 -1.16006E-01 -2.53203E-09 -1.88592E-08  2.74445E-09  1.20814E-08 -1.37810E+00 -2.20622E-02
 1.83390  1.39801E+00 -2.22293E-02  1.39422E+00 -1.13228E-01  1.79011E-08  1.81771E-09 -1.39801E+00 -2.22293E-02 -1.39422E+00 -1.13227E-01
 1.86380  1.41796E+00 -2.23795E-02  1.41433E+00 -1.10574E-01  1.73430E-08  9.11549E-09 -1.41433E+00 -1.10574E-01 -2.24503E-08 -5.38375E-09
 1.89370  1.43793E+00 -2.25142E-02  1.43446E+00 -1.08022E-01 -4.20957E-09  3.03759E-09  1.68905E-09 -6.31270E-09 -1.43793E+00 -2.25142E-02
 1.92360  1.45793E+00 -2.26355E-02  1.45460E+00 -1.05579E-01 -1.64673E-08  1.93236E-09 -1.45793E+00 -2.26355E-02 -1.45460E+00 -1.05579E-01
 1.95350  1.47796E+00 -2.27428E-02  1.47476E+00 -1.03234E-01 -1.94295E-08  5.79910E-09 -1.47476E+00 -1.03234E-01  1.82834E-08  4.20603E-10
 1.98340  1.49801E+00 -2.28375E-02  1.49494E+00 -1.00988E-01 -1.30949E-08  1.46377E-08  6.70022E-09 -6.36003E-09 -1.49801E+00 -2.28375E-02
 2.01330  1.51808E+00 -2.29199E-02  1.51514E+00 -9.88336E-02  1.26976E-08  1.78560E-08 -1.51808E+00 -2.29199E-02 -1.51514E+00 -9.88336E-02
 2.04320  1.53819E+00 -2.29915E-02  1.53535E+00 -9.67552E-02  1.78514E-08 -3.62261E-09 -1.53819E+00 -2.29915E-02 -8.35601E-09  5.47105E-09
 2.07310  1.55831E+00 -2.30538E-02  1.55558E+00 -9.47570E-02  9.43498E-09 -1.75927E-08 -1.42560E-08  2.16624E-09 -1.55831E+00 -2.30538E-02
 2.10300  1.57846E+00 -2.31059E-02  1.57583E+00 -9.28347E-02 -1.25615E-08 -2.40943E-08 -1.57846E+00 -2.31059E-02 -1.57583E+00 -9.28347E-02
 2.13290  1.59862E+00 -2.31482E-02  1.59609E+00 -9.09804E-02 -1.41315E-08  2.12573E-09 -1.59609E+00 -9.09804E-02  9.45755E-09  8.36943E-09
 2.16280  1.61881E+00 -2.31819E-02  1.61637E+00 -8.91951E-02 -5.28653E-09  1.72350E-08 -5.93964E-09 -7.02002E-09 -1.61881E+00 -2.31819E-02
 2.19270  1.63903E+00 -2.32078E-02  1.63667E+00 -8.74727E-02  1.39744E-08  2.12485E-08 -1.63903E+00 -2.32078E-02 -1.63667E+00 -8.74726E-02
 2.22260  1.65926E+00 -2.32261E-02  1.65698E+00 -8.58147E-02  2.20209E-08  3.36077E-09 -1.65698E+00 -8.58147E-02 -1.65880E-09 -3.37686E-09
 2.25250  1.67951E+00 -2.32378E-02  1.67731E+00 -8.42110E-02  1.19439E-08 -1.48472E-08 -7.81494E-09  1.14722E-08 -1.67951E+00 -2.32378E-02
 2.28240  1.69978E+00 -2.32425E-02  1.69765E+00 -8.26618E-02  2.71397E-09 -1.80361E-08 -1.69978E+00 -2.32425E-02 -1.69765E+00 -8.26618E-02
 2.31230  1.72007E+00 -2.32411E-02  1.71802E+00 -8.11637E-02 -5.67274E-09 -6.21139E-09 -1.71802E+00 -8.11636E-02 -6.64260E-09  2.07451E-08
 2.34220  1.74038E+00 -2.32337E-02  1.73839E+00 -7.97149E-02 -1.32618E-08  2.06264E-08 -1.73409E-10 -1.29037E-08 -1.74038E+00 -2.32337E-02
 2.37210  1.76071E+00 -2.32207E-02  1.75878E+00 -7.83133E-02  4.49311E-10  1.00118E-08 -1.76071E+00 -2.32207E-02 -1.75878E+00 -7.83133E-02
 2.40200  1.78106E+00 -2.32027E-02  1.77919E+00 -7.69573E-02 -4.35468E-09 -1.21834E-08 -1.77919E+00 -7.69573E-02  5.32073E-09  2.30909E-08
 2.43190  1.80142E+00 -2.31804E-02  1.79961E+00 -7.56456E-02 -7.21906E-09 -7.69371E-09  7.11073E-09  1.86384E-08 -1.80142E+00 -2.31804E-02
 2.46180  1.82180E+00 -2.31542E-02  1.82004E+00 -7.43788E-02 -8.09450E-09  2.35176E-08 -1.82180E+00 -2.31542E-02 -1.82004E+00 -7.43788E-02
 2.49170  1.84219E+00 -2.31234E-02  1.84049E+00 -7.31456E-02 -9.28638E-09  1.44964E-08 -1.84049E+00 -7.31456E-02  1.39478E-08 -1.58838E-08
 2.52160  1.86260E+00 -2.30882E-02  1.86095E+00 -7.19497E-02 -7.82019E-09 -1.63265E-08 -5.90334E-09  3.81148E-09 -1.86260E+00 -2.30882E-02
 2.55150  1.88303E+00 -2.30493E-02  1.88143E+00 -7.07895E-02  1.03539E-08 -1.16604E-08 -1.88303E+00 -2.30493E-02 -1.88143E+00 -7.07895E-02
 2.58140  1.90347E+00 -2.30070E-02  1.90192E+00 -6.96640E-02  1.99737E-08  1.40869E-08 -1.90347E+00 -2.30077E-02 -1.43074E-08 -5.99709E-09
 2.61130  1.92393E+00 -2.29617E-02  1.92242E+00 -6.85708E-02  1.94733E-08 -6.61189E-10 -1.83170E-08  1.48446E-09 -1.92393E+00 -2.29617E-02
 2.64120  1.94440E+00 -2.29136E-02  1.94293E+00 -6.75108E-02  2.10106E-09 -1.22576E-08 -1.94440E+00 -2.29136E-02 -1.94293E+00 -6.75108E-02
 2.67110  1.96488E+00 -2.28625E-02  1.96346E+00 -6.64799E-02 -1.56466E-08 -2.73773E-09 -1.96346E+00 -6.64799E-02  1.76718E-08  2.71274E-09
 2.70100  1.98538E+00 -2.28090E-02  1.98400E+00 -6.54782E-02 -2.30763E-08 -4.50912E-09  1.66326E-08  9.89005E-10 -1.98538E+00 -2.28090E-02
 2.73090  2.00589E+00 -2.27533E-02  2.00455E+00 -6.45060E-02 -2.02127E-08 -1.75883E-08 -2.00589E+00 -2.27533E-02 -2.00455E+00 -6.45060E-02
 2.76080  2.02642E+00 -2.26951E-02  2.02511E+00 -6.35587E-02 -5.78967E-10 -1.48138E-08 -2.02511E+00 -6.35587E-02 -1.06196E-08  1.07799E-08
 2.79070  2.04695E+00 -2.26349E-02  2.04568E+00 -6.26371E-02  5.34716E-09 -1.97125E-09 -2.25718E-09  1.33093E-08 -2.04695E+00 -2.26349E-02
 2.82060  2.06750E+00 -2.25728E-02  2.06626E+00 -6.17405E-02 -2.48197E-09  2.09430E-08 -2.06750E+00 -2.25728E-02 -2.06626E+00 -6.17405E-02
 2.85050  2.08806E+00 -2.25089E-02  2.08686E+00 -6.08679E-02 -5.66540E-09  4.90030E-09 -2.08806E+00 -2.25089E-02 -4.16417E-09 -8.32973E-09
 2.88040  2.10863E+00 -2.24432E-02  2.10746E+00 -6.00176E-02 -7.00156E-09 -1.27962E-08  2.37471E-10  9.66098E-10 -2.10863E+00 -2.24432E-02
 2.91030  2.12922E+00 -2.23760E-02  2.12808E+00 -5.91894E-02 -1.03930E-08 -2.27324E-08 -2.12922E+00 -2.23760E-02 -2.12808E+00 -5.91894E-02
 2.94020  2.14981E+00 -2.23072E-02  2.14870E+00 -5.83822E-02 -1.58352E-08 -2.48965E-08 -2.14870E+00 -5.83822E-02 -5.49941E-09  8.78001E-09
 2.97010  2.17042E+00 -2.22373E-02  2.16933E+00 -5.75954E-02 -2.34404E-08 -1.93455E-08 -1.41683E-09  1.23893E-08 -2.17042E+00 -2.22373E-02
