 0.01000  1.36780E+00 -2.84731E-19 -3.67863E-01 -3.94618E-22  3.86286E-16 -6.79773E-07  3.67863E-01  6.49469E-21  3.55079E-11  2.60137E-11
 0.01299  1.36783E+00  1.32470E-21 -3.67939E-01  2.15041E-17 -1.47559E-17  1.47532E-06  3.67939E-01 -1.00170E-21  4.29038E-12 -4.40476E-11
 0.01598  1.36787E+00  5.58586E-21 -3.68034E-01  2.13091E-17 -9.16700E-11 -7.03742E-11  3.68034E-01 -4.78204E-21  5.89094E-11  6.33077E-11
 0.01897  1.36792E+00 -1.94486E-24 -3.68150E-01 -1.74297E-32  2.77732E-14 -4.55728E-06  3.68150E-01 -3.51786E-20  2.69110E-11  8.42074E-11
 0.02196  1.36798E+00 -1.10548E-25 -3.68285E-01 -8.42429E-31  1.41466E-11  3.38212E-11  3.68285E-01  3.77074E-25 -9.18357E-11  1.86936E-11
 0.02495  1.36805E+00  4.00938E-26 -3.68440E-01  1.78780E-31 -8.08183E-18  1.03445E-05  3.68440E-01  1.15314E-19 -3.61871E-11 -7.17262E-11
 0.02794  1.36813E+00 -1.07229E-29 -3.68615E-01  8.54124E-44  9.41094E-11  1.83764E-11  3.68615E-01  4.05937E-26  6.77660E-11 -1.25324E-10
 0.03093  1.36821E+00 -1.66122E-30 -3.68809E-01 -3.74981E-45  1.35245E-13  7.72437E-11  3.68809E-01  1.36130E-24  2.20134E-10 -1.42371E-10
 0.03392  1.36831E+00  2.89303E-31 -3.69023E-01  1.98318E-45 -1.71461E-10  3.36578E-11  3.69023E-01  4.89919E-25  1.49048E-10 -1.03735E-10
 0.03691  1.36841E+00 -3.52077E-35 -3.69257E-01 -9.49163E-57 -2.32046E-10 -4.93120E-11  3.69257E-01 -9.22365E-25 -1.45617E-10 -9.41968E-12
 0.03990  1.36852E+00 -1.83274E-35 -3.69510E-01  6.55214E-57 -1.82285E-10 -1.73435E-10  3.69510E-01 -3.60321E-24  9.03881E-12  2.71537E-10
 0.04289  1.36865E+00  2.10270E-36 -3.69782E-01  1.06506E-57 -2.06000E-11 -3.39574E-10  3.69782E-01 -7.78634E-24  1.48871E-10  1.74468E-10
 0.04588  1.36878E+00  1.90136E-40 -3.70075E-01 -2.25353E-62  6.68666E-11 -2.27323E-10  3.70075E-01 -5.72209E-24  2.08798E-11 -1.12012E-10
 0.04887  1.36892E+00 -1.80206E-40 -3.70386E-01 -1.04611E-62  8.02768E-11  1.63297E-10  3.70386E-01  4.49133E-24 -3.98713E-11 -6.98200E-11
 0.05186  1.36908E+00  1.54318E-41 -3.70717E-01 -2.40632E-63  1.53034E-11  8.32361E-10  3.70717E-01  2.49202E-23 -3.27411E-11  3.01152E-10
 0.05485  1.36924E+00  5.72966E-45 -3.71068E-01 -7.01231E-67  1.88829E-10  2.20543E-10  3.71068E-01  7.15835E-24  5.94514E-11  9.98884E-10
 0.05784  1.36942E+00 -1.67767E-45 -3.71438E-01 -9.08990E-67  4.07484E-10 -2.44615E-11  3.71438E-01 -8.58817E-25  8.19390E-11  3.19671E-10
 0.06083  1.36961E+00  1.14721E-46 -3.71827E-01  3.96885E-68  6.73154E-10  9.79728E-11  3.71827E-01  3.70478E-24 -5.65897E-11 -5.15946E-10
 0.06382  1.36980E+00 -6.56749E-15 -3.72235E-01 -1.41128E-17  6.88847E-12  6.45696E-10  3.72235E-01 -1.41129E-17  9.01345E-11 -9.69421E-11
 0.06681  1.37001E+00 -1.14171E-13 -3.72663E-01 -2.69823E-16  4.85660E-11  4.43878E-10  3.72663E-01 -2.69824E-16  3.52093E-10 -2.56907E-10
 0.06980  1.37024E+00 -1.37921E-12 -3.73110E-01 -3.57485E-15  5.03521E-10 -2.33743E-10  3.73110E-01 -3.57487E-15 -2.38361E-10 -2.45267E-10
 0.07279  1.37047E+00 -1.22784E-11 -3.73576E-01 -3.47428E-14  4.16447E-11 -5.09149E-10  3.73576E-01 -3.47430E-14 -1.68126E-09 -5.67331E-11
 0.07578  1.37072E+00 -8.45024E-11 -3.74061E-01 -2.60562E-13 -7.92204E-10 -2.02761E-10  3.74061E-01 -2.60563E-13  4.98958E-10 -1.70275E-10
 0.07877  1.37099E+00 -4.66977E-10 -3.74565E-01 -1.56308E-12 -4.16068E-10  1.82180E-10  3.74565E-01 -1.56309E-12  1.78169E-11 -3.14010E-10
 0.08176  1.37127E+00 -2.13928E-09 -3.75087E-01 -7.76137E-12  1.56625E-10  5.48419E-10  3.75087E-01 -7.76139E-12 -1.88062E-10 -1.97093E-10
 0.08475  1.37156E+00 -8.33408E-09 -3.75629E-01 -3.26556E-11  3.91377E-10 -1.29997E-10  3.75629E-01 -3.26556E-11 -1.18633E-10  1.80515E-10
 0.08774  1.37187E+00 -2.82294E-08 -3.76190E-01 -1.19299E-10 -4.32513E-10 -1.62911E-10  3.76190E-01 -1.19299E-10  2.25415E-10  8.19028E-10
 0.09073  1.37219E+00 -8.46469E-08 -3.76769E-01 -3.85062E-10 -5.67396E-10 -3.41516E-10  3.76769E-01 -3.85062E-10  8.42516E-10  1.71855E-09
 0.09372  1.37254E+00 -2.28175E-07 -3.77367E-01 -1.11593E-09 -1.33024E-11 -6.66715E-10  3.77367E-01 -1.11593E-09  2.79989E-10  3.83339E-10
 0.09671  1.37290E+00 -5.59964E-07 -3.77984E-01 -2.93626E-09  6.44799E-10 -2.44517E-10  3.77984E-01 -2.93626E-09  2.93680E-10 -2.81631E-10
 0.09970  1.37329E+00 -1.26543E-06 -3.78619E-01 -7.11119E-09  5.55527E-10  6.61502E-11  3.78619E-01 -7.11119E-09  8.84456E-10 -2.76994E-10
 0.10269  1.37369E+00 -2.65749E-06 -3.79273E-01 -1.59793E-08 -2.81406E-10  2.65578E-10  3.79273E-01 -1.59793E-08 -5.78868E-12  6.94154E-10
 0.10568  1.37412E+00 -5.22905E-06 -3.79945E-01 -3.36015E-08  5.16321E-11  7.34411E-10  3.79945E-01 -3.36015E-08 -5.60873E-10 -6.57466E-10
 0.10867  1.37457E+00 -9.70842E-06 -3.80636E-01 -6.66125E-08  4.00143E-10 -3.57712E-10  3.80636E-01 -6.66125E-08 -6.72107E-10  3.58883E-10
 0.11166  1.37505E+00 -1.71111E-05 -3.81345E-01 -1.25250E-07  8.96011E-10 -9.91811E-11  3.81345E-01 -1.25250E-07  1.40002E-11  6.43778E-10
 0.11465  1.37556E+00 -2.87791E-05 -3.82073E-01 -2.24538E-07  1.37344E-09  1.50483E-09  3.82073E-01 -2.24538E-07  1.49827E-09  1.95729E-10
 0.11764  1.37609E+00 -4.64053E-05 -3.82818E-01 -3.85709E-07  1.31038E-10  9.64324E-10  3.82818E-01 -3.85709E-07  4.61436E-10 -1.02243E-09
 0.12063  1.37666E+00 -7.20411E-05 -3.83582E-01 -6.37749E-07 -2.24372E-10 -3.74611E-10  3.83582E-01 -6.37749E-07 -2.86287E-10 -2.67414E-10
 0.12362  1.37727E+00 -1.08048E-04 -3.84365E-01 -1.01768E-06  1.00355E-10 -1.13713E-09  3.84365E-01 -1.01768E-06 -7.50321E-11  1.20051E-09
 0.12661  1.37790E+00 -1.57091E-04 -3.85165E-01 -1.57402E-06  1.10572E-09 -1.32586E-09  3.85165E-01 -1.57402E-06 -3.20297E-10  6.89081E-10
 0.12960  1.37857E+00 -2.22009E-04 -3.85984E-01 -2.36461E-06  9.73213E-10 -5.68754E-10  3.85984E-01 -2.36461E-06 -1.02310E-09 -1.80350E-09
 0.13259  1.37928E+00 -3.05820E-04 -3.86821E-01 -3.45970E-06 -2.96604E-10  1.13436E-09  3.86821E-01 -3.45970E-06 -6.79117E-10 -1.08661E-09
 0.13558  1.38002E+00 -4.11565E-04 -3.87676E-01 -4.94286E-06 -1.04653E-09  3.36025E-10  3.87676E-01 -4.94286E-06  6.15724E-10  7.42660E-10
 0.13857  1.38080E+00 -5.42246E-04 -3.88549E-01 -6.90783E-06 -6.91605E-10 -1.58769E-09  3.88549E-01 -6.90783E-06  6.44916E-10  8.28933E-10
 0.14156  1.38161E+00 -7.00765E-04 -3.89440E-01 -9.46030E-06  7.68939E-10 -4.64143E-09  3.89440E-01 -9.46030E-06 -5.91698E-10 -8.28771E-10
 0.14455  1.38245E+00 -8.89867E-04 -3.90349E-01 -1.27172E-05  3.04183E-10 -2.18189E-09  3.90349E-01 -1.27172E-05 -5.19177E-10  5.40605E-10
 0.14754  1.38332E+00 -1.11206E-03 -3.91276E-01 -1.68055E-05 -7.67296E-10  1.20192E-09  3.91276E-01 -1.68055E-05  5.00108E-10  1.77426E-10
 0.15053  1.38422E+00 -1.36974E-03 -3.92221E-01 -2.18608E-05 -5.29312E-10  1.69158E-09  3.92221E-01 -2.18608E-05  2.05538E-09 -1.91038E-09
 0.15352  1.38516E+00 -1.66483E-03 -3.93183E-01 -2.80255E-05  1.01902E-09 -7.13786E-10  3.93183E-01 -2.80255E-05 -9.32850E-10 -5.20285E-10
 0.15651  1.38611E+00 -1.99912E-03 -3.94163E-01 -3.54471E-05  9.49448E-10 -2.21123E-10  3.94163E-01 -3.54471E-05 -7.81176E-10  6.79047E-11
 0.15950  1.38709E+00 -2.37409E-03 -3.95161E-01 -4.42764E-05 -7.53805E-10  3.16256E-09  3.95161E-01 -4.42764E-05  2.49748E-09 -1.47515E-10
 0.16249  1.38810E+00 -2.79101E-03 -3.96175E-01 -5.46669E-05 -9.02571E-10 -5.69684E-10  3.96175E-01 -5.46669E-05  6.72269E-11 -9.11368E-10
 0.16548  1.38912E+00 -3.25094E-03 -3.97207E-01 -6.67741E-05  1.65855E-09 -1.79275E-11  3.97207E-01 -6.67741E-05 -1.58635E-09 -1.17435E-09
 0.16847  1.39016E+00 -3.75543E-03 -3.98256E-01 -8.07565E-05  1.63658E-09  2.47488E-10  3.98256E-01 -8.07565E-05 -2.47137E-09 -9.41404E-10
 0.17146  1.39121E+00 -4.30369E-03 -3.99322E-01 -9.67554E-05 -9.67577E-10  2.27102E-10  3.99322E-01 -9.67554E-05 -2.59044E-09 -2.12735E-10
 0.17445  1.39228E+00 -4.89676E-03 -4.00404E-01 -1.14910E-04 -6.16562E-09 -7.93859E-11  4.00404E-01 -1.14910E-04 -1.94183E-09  1.01353E-09
 0.17744  1.39336E+00 -5.53522E-03 -4.01502E-01 -1.35371E-04 -9.93829E-10 -2.14946E-09  4.01502E-01 -1.35371E-04 -5.24068E-10  2.73389E-09
 0.18043  1.39446E+00 -6.22061E-03 -4.02617E-01 -1.58282E-04  1.80199E-09 -2.11089E-10  4.02617E-01 -1.58282E-04  1.39154E-09  1.71355E-09
 0.18342  1.39556E+00 -6.94980E-03 -4.03748E-01 -1.83737E-04  1.28210E-09  1.85067E-09  4.03748E-01 -1.83737E-04  6.39046E-10 -1.33979E-09
 0.18641  1.39666E+00 -7.72766E-03 -4.04894E-01 -2.11882E-04 -1.84389E-09  1.56880E-09  4.04894E-01 -2.11882E-04 -1.00852E-09 -1.63937E-09
 0.18940  1.39778E+00 -8.54763E-03 -4.06055E-01 -2.42823E-04 -2.50866E-09 -3.09424E-09  4.06055E-01 -2.42823E-04 -3.55201E-09  8.13804E-10
 0.19239  1.39889E+00 -9.41340E-03 -4.07232E-01 -2.76637E-04  1.76557E-09  4.64901E-10  4.07232E-01 -2.76637E-04 -1.12255E-09 -4.60212E-10
 0.19538  1.40002E+00 -1.03281E-02 -4.08424E-01 -3.13461E-04  1.57374E-10  2.03824E-09  4.08424E-01 -3.13461E-04  4.10657E-10 -1.23892E-09
 0.19837  1.40114E+00 -1.12838E-02 -4.09630E-01 -3.53318E-04 -2.19434E-10  1.15366E-09  4.09630E-01 -3.53318E-04  1.04910E-09 -1.52323E-09
 0.20136  1.40226E+00 -1.22897E-02 -4.10850E-01 -3.96348E-04  6.33682E-10 -2.18406E-09  4.10850E-01 -3.96348E-04  7.92772E-10 -1.31386E-09
 0.20435  1.40338E+00 -1.33347E-02 -4.12085E-01 -4.42545E-04  4.88599E-10 -2.30279E-09  4.12085E-01 -4.42545E-04 -3.58587E-10 -6.11350E-10
 0.20734  1.40450E+00 -1.44309E-02 -4.13333E-01 -4.92039E-04 -6.55841E-10  7.99003E-10  4.13333E-01 -4.92039E-04 -2.41020E-09  5.83806E-10
 0.21033  1.40562E+00 -1.55644E-02 -4.14594E-01 -5.44801E-04  1.81498E-09 -1.06963E-09  4.14594E-01 -5.44801E-04 -2.34823E-09  1.19476E-09
 0.21332  1.40674E+00 -1.67497E-02 -4.15869E-01 -6.00953E-04  1.55722E-09 -1.03909E-09  4.15869E-01 -6.00953E-04 -1.72824E-10  1.22210E-09
 0.21631  1.40784E+00 -1.79717E-02 -4.17156E-01 -6.60443E-04 -1.43041E-09  8.91766E-10  4.17156E-01 -6.60443E-04  4.11975E-09  6.64608E-10
 0.21930  1.40895E+00 -1.92449E-02 -4.18456E-01 -7.23382E-04 -8.29104E-10  2.83928E-09  4.18456E-01 -7.23382E-04  1.17750E-09 -1.51511E-09
 0.22229  1.41006E+00 -2.05650E-02 -4.19769E-01 -7.89720E-04  3.36116E-09  4.81062E-09  4.19769E-01 -7.89720E-04 -1.71755E-09 -1.09586E-09
 0.22528  1.41115E+00 -2.19158E-02 -4.21093E-01 -8.59514E-04  2.64240E-09  6.47252E-10  4.21093E-01 -8.59514E-04 -4.57574E-09  1.91185E-09
 0.22827  1.41224E+00 -2.33225E-02 -4.22429E-01 -9.32776E-04 -4.58475E-10 -1.93494E-09  4.22429E-01 -9.32776E-04 -2.78684E-09  1.41245E-09
 0.23126  1.41331E+00 -2.47625E-02 -4.23776E-01 -1.00945E-03 -1.76957E-09 -3.16979E-09  4.23776E-01 -1.00945E-03  3.61490E-09 -2.42085E-09
 0.23425  1.41438E+00 -2.62555E-02 -4.25135E-01 -1.08963E-03 -1.29033E-09 -3.06115E-09  4.25135E-01 -1.08963E-03  9.46319E-10  2.32563E-09
 0.23724  1.41545E+00 -2.77941E-02 -4.26504E-01 -1.17325E-03  9.79411E-10 -1.60904E-09  4.26504E-01 -1.17325E-03 -3.01607E-09 -6.17755E-11
 0.24023  1.41650E+00 -2.93649E-02 -4.27884E-01 -1.26028E-03  5.04433E-09  1.18860E-09  4.27884E-01 -1.26028E-03 -2.91780E-09  4.29671E-10
 0.24322  1.41754E+00 -3.09896E-02 -4.29274E-01 -1.35080E-03  4.64952E-09  4.91535E-10  4.29274E-01 -1.35080E-03  1.21724E-09  3.88151E-09
 0.24621  1.41857E+00 -3.26533E-02 -4.30674E-01 -1.44472E-03 -2.05696E-10 -3.70443E-09  4.30674E-01 -1.44472E-03 -1.19302E-09  6.76982E-10
 0.24920  1.41960E+00 -3.43650E-02 -4.32084E-01 -1.54202E-03 -2.39234E-09  4.43907E-10  4.32084E-01 -1.54202E-03  2.13852E-09 -3.26137E-10
 0.25219  1.42061E+00 -3.61218E-02 -4.33504E-01 -1.64275E-03  2.39851E-09 -1.11377E-09  4.33504E-01 -1.64275E-03 -3.74427E-10  3.39676E-09
 0.25518  1.42162E+00 -3.79232E-02 -4.34933E-01 -1.74684E-03  2.68956E-09 -1.91905E-09  4.34933E-01 -1.74684E-03 -4.13135E-09  3.99158E-10
 0.25817  1.42260E+00 -3.97690E-02 -4.36371E-01 -1.85426E-03 -1.52086E-09 -1.97427E-09  4.36371E-01 -1.85426E-03  2.23309E-09  5.79985E-10
 0.26116  1.42358E+00 -4.16598E-02 -4.37818E-01 -1.96503E-03 -8.72008E-10  4.22918E-09  4.37818E-01 -1.96503E-03  1.31497E-09 -3.43421E-09
 0.26415  1.42455E+00 -4.35951E-02 -4.39274E-01 -2.07911E-03  9.23537E-10  3.82940E-10  4.39274E-01 -2.07911E-03  3.93417E-11 -4.32167E-09
 0.26714  1.42551E+00 -4.55877E-02 -4.40737E-01 -2.19646E-03  3.97524E-09  3.53325E-10  4.40737E-01 -2.19646E-03 -1.59678E-09 -2.08337E-09
 0.27013  1.42645E+00 -4.76164E-02 -4.42210E-01 -2.31706E-03  3.23404E-09  1.48457E-09  4.42210E-01 -2.31706E-03 -3.60066E-09  3.30070E-09
 0.27312  1.42737E+00 -4.96891E-02 -4.43690E-01 -2.44089E-03 -1.30480E-09  3.77809E-09  4.43690E-01 -2.44089E-03 -2.83337E-09  2.20693E-09
 0.27611  1.42833E+00 -5.18357E-02 -4.45178E-01 -2.56793E-03 -1.37481E-09  2.88033E-09  4.45178E-01 -2.56793E-03  7.04322E-10 -5.36198E-09
 0.27910  1.42922E+00 -5.40081E-02 -4.46673E-01 -2.69817E-03  3.02551E-09 -1.20503E-09  4.46673E-01 -2.69817E-03 -4.62413E-10  3.65654E-09
 0.28209  1.43010E+00 -5.62251E-02 -4.48176E-01 -2.83152E-03  4.45621E-09 -1.11844E-09  4.48176E-01 -2.83152E-03 -3.17893E-09  1.04244E-09
 0.28508  1.43105E+00 -5.85277E-02 -4.49686E-01 -2.96799E-03  2.91478E-09  3.14025E-09  4.49686E-01 -2.96799E-03 -2.71322E-09 -2.45838E-09
 0.28807  1.43191E+00 -6.08547E-02 -4.51203E-01 -3.10756E-03  1.75276E-09  6.55727E-09  4.51203E-01 -3.10756E-03  9.14752E-10 -6.85230E-09
 0.29106  1.43274E+00 -6.32262E-02 -4.52727E-01 -3.25027E-03  9.85053E-10  9.15286E-09  4.52727E-01 -3.25027E-03  4.33627E-09 -1.03216E-09
 0.29405  1.43356E+00 -6.56419E-02 -4.54258E-01 -3.39595E-03 -5.56549E-09  1.53169E-09  4.54258E-01 -3.39595E-03 -8.63628E-10  3.35058E-09
 0.29704  1.43452E+00 -6.81690E-02 -4.55795E-01 -3.54461E-03 -4.66740E-10  4.89215E-09  4.55795E-01 -3.54461E-03 -5.90293E-09  2.96646E-09
 0.30003  1.43533E+00 -7.07132E-02 -4.57338E-01 -3.69624E-03  2.94973E-09  6.61185E-09  4.57338E-01 -3.69624E-03 -4.56493E-09 -5.31300E-09
 0.30302  1.43609E+00 -7.32981E-02 -4.58888E-01 -3.85086E-03  4.69046E-09  6.70774E-09  4.58888E-01 -3.85086E-03  9.52491E-10 -6.61150E-09
 0.30601  1.43685E+00 -7.59287E-02 -4.60444E-01 -4.00857E-03  4.75764E-09  5.17521E-09  4.60444E-01 -4.00857E-03  1.06626E-08 -9.29783E-10
 0.30900  1.43786E+00 -7.86891E-02 -4.62006E-01 -4.16900E-03  3.15434E-09  2.01534E-09  4.62006E-01 -4.16900E-03 -3.52197E-10 -1.75582E-09
 0.31199  1.43861E+00 -8.14790E-02 -4.63573E-01 -4.33227E-03 -1.19538E-10 -2.77464E-09  4.63573E-01 -4.33227E-03 -5.96298E-09 -2.25690E-09
 0.31498  1.43933E+00 -8.42951E-02 -4.65146E-01 -4.49839E-03 -5.08934E-09 -9.19874E-09  4.65146E-01 -4.49839E-03 -6.16771E-09 -2.43289E-09
 0.31797  1.44001E+00 -8.71652E-02 -4.66725E-01 -4.66736E-03 -8.21385E-09  6.10213E-10  4.66725E-01 -4.66736E-03 -9.67391E-10 -2.28581E-09
 0.32096  1.44068E+00 -9.00825E-02 -4.68309E-01 -4.83944E-03 -3.93480E-09  8.08785E-09  4.68309E-01 -4.83944E-03  9.66648E-09 -1.83329E-09
 0.32395  1.44186E+00 -9.32206E-02 -4.69898E-01 -5.01396E-03  5.60434E-09  7.20921E-09  4.69898E-01 -5.01396E-03  1.06576E-09  2.08297E-09
 0.32694  1.44252E+00 -9.63024E-02 -4.71493E-01 -5.19118E-03  6.79036E-09 -1.71830E-09  4.71493E-01 -5.19118E-03 -3.22770E-10 -3.08970E-09
 0.32993  1.44315E+00 -9.94358E-02 -4.73092E-01 -5.37109E-03 -2.68674E-10 -1.23223E-08  4.73092E-01 -5.37109E-03  6.85853E-09  3.89698E-10
 0.33292  1.44376E+00 -1.02627E-01 -4.74696E-01 -5.55371E-03 -4.40053E-09 -9.82079E-09  4.74696E-01 -5.55371E-03  4.07575E-09  6.43941E-10
 0.33591  1.44494E+00 -1.05963E-01 -4.76306E-01 -5.73904E-03 -5.60745E-09  5.79204E-09  4.76306E-01 -5.73904E-03 -8.68279E-09 -2.32826E-09
 0.33890  1.44580E+00 -1.09399E-01 -4.77919E-01 -5.92758E-03  9.41262E-10  1.04466E-08  4.77919E-01 -5.92758E-03 -3.83124E-09 -3.44708E-09
 0.34189  1.44639E+00 -1.12837E-01 -4.79538E-01 -6.11814E-03  1.52793E-08  4.10665E-09  4.79538E-01 -6.11814E-03 -2.95266E-09 -7.40674E-09
 0.34488  1.44696E+00 -1.16342E-01 -4.81160E-01 -6.31121E-03  1.29731E-08 -5.61370E-09  4.81160E-01 -6.31121E-03 -6.13183E-09 -1.42270E-08
 0.34787  1.44751E+00 -1.19905E-01 -4.82788E-01 -6.50685E-03 -5.98094E-09 -1.87460E-08  4.82788E-01 -6.50685E-03 -1.33419E-08 -2.39728E-08
 0.35086  1.44804E+00 -1.23529E-01 -4.84419E-01 -6.70503E-03 -6.65702E-10 -7.60192E-09  4.84419E-01 -6.70503E-03 -1.55462E-08 -7.19472E-09
 0.35385  1.44994E+00 -1.27456E-01 -4.86055E-01 -6.90576E-03  8.34895E-09  8.03652E-09  4.86055E-01 -6.90576E-03 -5.72576E-09  6.59908E-09
 0.35684  1.45051E+00 -1.31310E-01 -4.87695E-01 -7.11003E-03  3.98012E-09  9.50006E-09  4.87695E-01 -7.11003E-03  1.61320E-08  1.74410E-08
 0.35983  1.45107E+00 -1.35236E-01 -4.89339E-01 -7.31577E-03 -1.37735E-08 -3.20568E-09  4.89339E-01 -7.31577E-03  8.79543E-09  3.50372E-10
 0.36282  1.45156E+00 -1.39267E-01 -4.90986E-01 -7.52385E-03 -6.54589E-09 -9.03589E-09  4.90986E-01 -7.52385E-03 -7.38526E-09  4.95791E-09
 0.36581  1.45208E+00 -1.43343E-01 -4.92638E-01 -7.73433E-03  1.90011E-08 -5.67410E-09  4.92638E-01 -7.73433E-03 -1.54989E-08  1.31729E-08
 0.36880  1.45357E+00 -1.47558E-01 -4.94293E-01 -7.94718E-03 -1.64413E-09  9.72880E-09  4.94293E-01 -7.94718E-03 -1.55560E-08  2.50398E-08
 0.37179  1.45537E+00 -1.51901E-01 -4.95952E-01 -8.16237E-03 -1.05931E-08 -7.59029E-09  4.95952E-01 -8.16237E-03 -4.05867E-09  1.37695E-08
 0.37478  1.45593E+00 -1.56389E-01 -4.97615E-01 -8.37999E-03 -4.54577E-09 -1.48813E-08  4.97615E-01 -8.37999E-03  1.90237E-08 -2.06416E-08
 0.37777  1.45653E+00 -1.60904E-01 -4.99282E-01 -8.60165E-03  1.65325E-08 -1.21722E-08  4.99282E-01 -8.60165E-03 -1.52640E-08 -7.87919E-09
 0.38076  1.45712E+00 -1.65507E-01 -5.00951E-01 -8.82395E-03  5.78338E-10 -1.62119E-09  5.00951E-01 -8.82395E-03 -1.51323E-08 -9.04725E-09
 0.38375  1.45762E+00 -1.70317E-01 -5.02624E-01 -9.04848E-03 -5.79146E-09  7.47796E-09  5.02624E-01 -9.04848E-03  1.61092E-08 -2.11007E-08
 0.38674  1.45821E+00 -1.75109E-01 -5.04301E-01 -9.27519E-03 -2.57876E-09  1.51469E-08  5.04301E-01 -9.27519E-03  7.60468E-09  3.83721E-09
 0.38973  1.45998E+00 -1.80011E-01 -5.05981E-01 -9.50398E-03  1.02155E-08  2.16013E-08  5.05981E-01 -9.50398E-03 -1.36480E-08 -3.61052E-09
 0.39272  1.46304E+00 -1.85041E-01 -5.07664E-01 -9.73504E-03  1.26856E-08  1.20189E-08  5.07664E-01 -9.73504E-03 -1.61693E-08 -1.86939E-08
 0.39571  1.46400E+00 -1.90251E-01 -5.09350E-01 -9.96828E-03  4.83846E-09 -1.36198E-08  5.09350E-01 -9.96828E-03  5.49412E-11 -4.14831E-08
 0.39870  1.46487E+00 -1.95558E-01 -5.11040E-01 -1.02036E-02  9.82718E-10 -1.24256E-08  5.11040E-01 -1.02036E-02  2.47119E-09  2.31806E-08
 0.40169  1.46575E+00 -2.00982E-01 -5.12733E-01 -1.04412E-02  1.12728E-09  1.56231E-08  5.12733E-01 -1.04412E-02 -1.06462E-08 -6.57790E-09
 0.40468  1.46654E+00 -2.06807E-01 -5.14428E-01 -1.06838E-02  5.69685E-09  8.97370E-09  5.14428E-01 -1.06838E-02 -1.17625E-08  4.18051E-11
 0.40767  1.46748E+00 -2.12476E-01 -5.16126E-01 -1.09255E-02  1.46380E-08 -3.23965E-08  5.16126E-01 -1.09255E-02 -9.23273E-09  1.73657E-08
 0.41066  1.46847E+00 -2.18226E-01 -5.17827E-01 -1.11692E-02  2.48187E-08  7.23570E-09  5.17827E-01 -1.11692E-02 -2.17231E-09  1.91454E-08
 0.41365  1.46948E+00 -2.24117E-01 -5.19531E-01 -1.14148E-02  1.87207E-08  7.65900E-09  5.19531E-01 -1.14148E-02  9.42530E-09  5.38720E-09
 0.41664  1.47291E+00 -2.30079E-01 -5.21237E-01 -1.16625E-02 -3.70221E-09 -3.12110E-08  5.21237E-01 -1.16625E-02  2.56037E-08 -2.37543E-08
 0.41963  1.47579E+00 -2.36118E-01 -5.22947E-01 -1.19121E-02  1.01896E-08 -1.03264E-08  5.22947E-01 -1.19121E-02 -6.86684E-09 -7.86534E-09
 0.42262  1.47900E+00 -2.42236E-01 -5.24659E-01 -1.21634E-02  7.59314E-09  1.65071E-08  5.24659E-01 -1.21634E-02 -2.58382E-08 -4.87056E-09
 0.42561  1.48237E+00 -2.48198E-01 -5.26375E-01 -1.24168E-02 -4.19208E-09  2.58675E-08  5.26375E-01 -1.24168E-02 -3.13560E-08 -1.47733E-08
 0.42860  1.48385E+00 -2.54470E-01 -5.28093E-01 -1.26721E-02 -2.51940E-08  1.77667E-08  5.28093E-01 -1.26721E-02 -5.70366E-09 -1.56309E-08
 0.43159  1.48584E+00 -2.60851E-01 -5.29813E-01 -1.29340E-02 -3.06987E-08 -4.06358E-10  5.29813E-01 -1.29340E-02  2.74931E-08 -1.27014E-08
 0.43458  1.48791E+00 -2.68197E-01 -5.31535E-01 -1.31929E-02 -2.10027E-08 -2.80422E-08  5.31535E-01 -1.31929E-02  9.54639E-09 -1.05427E-08
 0.43757  1.49014E+00 -2.74877E-01 -5.33260E-01 -1.34538E-02  7.70012E-09 -2.44438E-08  5.33260E-01 -1.34538E-02 -1.88075E-08  9.85218E-09
 0.44056  1.49251E+00 -2.81416E-01 -5.34987E-01 -1.37163E-02  4.07699E-08  6.26891E-09  5.34987E-01 -1.37163E-02 -1.50188E-08  2.50862E-08
 0.44355  1.49497E+00 -2.88206E-01 -5.36716E-01 -1.39806E-02  2.62024E-08  5.69079E-09  5.36716E-01 -1.39806E-02  2.11069E-08  3.53929E-08
 0.44654  1.49766E+00 -2.95686E-01 -5.38448E-01 -1.42460E-02 -3.61095E-08 -2.62668E-08  5.38448E-01 -1.42460E-02  1.58729E-08  2.67013E-09
 0.44953  1.50049E+00 -3.02539E-01 -5.40183E-01 -1.45136E-02  8.40453E-09 -1.99016E-08  5.40183E-01 -1.45136E-02 -1.51655E-08 -1.15852E-08
 0.45252  1.50337E+00 -3.09435E-01 -5.41919E-01 -1.47827E-02  1.04820E-08  4.34660E-09  5.41919E-01 -1.47827E-02 -1.25288E-08 -2.04380E-08
 0.45551  1.50656E+00 -3.16965E-01 -5.43659E-01 -1.50533E-02  8.69451E-09  1.30824E-08  5.43659E-01 -1.50533E-02  2.41781E-08 -2.26597E-08
 0.45850  1.50979E+00 -3.23831E-01 -5.45400E-01 -1.53253E-02  3.04468E-09  6.31083E-09  5.45400E-01 -1.53253E-02 -1.94912E-09 -1.33243E-08
 0.46149  1.51309E+00 -3.30727E-01 -5.47144E-01 -1.55989E-02 -6.47423E-09 -1.59833E-08  5.47144E-01 -1.55989E-02  6.66680E-09  2.63466E-08
 0.46448  1.51650E+00 -3.37617E-01 -5.48890E-01 -1.58744E-02 -1.44126E-08 -2.26314E-08  5.48890E-01 -1.58744E-02  1.99936E-08  2.14194E-08
 0.46747  1.52027E+00 -3.44902E-01 -5.50637E-01 -1.61589E-02 -2.07907E-08 -1.36423E-08  5.50637E-01 -1.61589E-02  1.45797E-08 -1.25457E-08
 0.47046  1.52394E+00 -3.51713E-01 -5.52386E-01 -1.64371E-02 -2.56248E-08  1.10048E-08  5.52386E-01 -1.64371E-02 -1.50028E-08 -3.69955E-08
 0.47345  1.52769E+00 -3.58500E-01 -5.54137E-01 -1.67166E-02 -1.68495E-08  2.45862E-08  5.54137E-01 -1.67166E-02 -1.92178E-08  9.34318E-09
 0.47644  1.53198E+00 -3.66328E-01 -5.55890E-01 -1.69979E-02  5.55827E-09  2.71108E-08  5.55890E-01 -1.69979E-02  3.01957E-09 -1.28764E-08
 0.47943  1.53561E+00 -3.72127E-01 -5.57645E-01 -1.72798E-02  4.16463E-08  1.86023E-08  5.57645E-01 -1.72798E-02  8.92907E-09 -1.69232E-08
 0.48242  1.53963E+00 -3.78770E-01 -5.59402E-01 -1.75637E-02  1.51135E-08 -1.62595E-08  5.59402E-01 -1.75637E-02 -1.49111E-09 -2.79872E-09
 0.48541  1.54416E+00 -3.86416E-01 -5.61160E-01 -1.78487E-02 -2.70151E-08  6.35541E-09  5.61160E-01 -1.78487E-02 -2.84192E-08  2.96663E-08
 0.48840  1.54835E+00 -3.92959E-01 -5.62921E-01 -1.81337E-02 -1.58668E-08  6.78395E-09  5.62921E-01 -1.81337E-02 -9.03227E-09  1.28307E-08
 0.49139  1.55197E+00 -3.98311E-01 -5.64684E-01 -1.84212E-02  4.71439E-08 -4.47156E-09  5.64684E-01 -1.84212E-02 -8.41808E-09 -2.42626E-08
 0.49438  1.55573E+00 -4.04719E-01 -5.66449E-01 -1.87099E-02  1.43488E-08  6.65416E-09  5.66449E-01 -1.87099E-02  1.31545E-09 -1.94860E-08
 0.49737  1.56099E+00 -4.12134E-01 -5.68215E-01 -1.89987E-02 -2.08944E-08 -1.03321E-08  5.68215E-01 -1.89987E-02  2.01813E-08  2.72081E-08
 0.50036  1.56538E+00 -4.18493E-01 -5.69984E-01 -1.92897E-02 -1.65259E-08 -4.24949E-09  5.69984E-01 -1.92897E-02  3.39336E-09  1.44820E-08
 0.50335  1.56926E+00 -4.23509E-01 -5.71754E-01 -1.95817E-02  2.74987E-08  2.48955E-08  5.71754E-01 -1.95817E-02 -1.68032E-08 -1.09685E-09
 0.50634  1.57280E+00 -4.27982E-01 -5.73526E-01 -1.98847E-02  2.57093E-08  1.31600E-08  5.73526E-01 -1.98847E-02 -2.51624E-08 -1.85735E-08
 0.50933  1.57630E+00 -4.32923E-01 -5.75298E-01 -2.01792E-02 -2.18998E-08 -3.95065E-08  5.75298E-01 -2.01792E-02 -2.59583E-08 -2.49268E-08
 0.51232  1.58018E+00 -4.39310E-01 -5.77071E-01 -2.04746E-02  2.48664E-09 -1.91833E-08  5.77071E-01 -2.04746E-02 -1.91802E-08 -2.01908E-08
 0.51531  1.58424E+00 -4.51353E-01 -5.78847E-01 -2.07692E-02  2.72387E-08  2.73067E-08  5.78847E-01 -2.07692E-02 -4.83307E-09 -4.36920E-09
 0.51830  1.58748E+00 -4.58368E-01 -5.80624E-01 -2.10663E-02 -1.55467E-09  2.06079E-08  5.80624E-01 -2.10663E-02  1.71142E-08  2.26056E-08
 0.52129  1.59026E+00 -4.60746E-01 -5.82402E-01 -2.13636E-02 -3.38142E-09 -3.24504E-09  5.82402E-01 -2.13636E-02 -2.21208E-08  1.29821E-08
 0.52428  1.59422E+00 -4.65245E-01 -5.84182E-01 -2.16602E-02  1.02081E-08 -2.47457E-08  5.84182E-01 -2.16602E-02 -1.18977E-09  1.36318E-08
 0.52727  1.60255E+00 -4.72718E-01 -5.85964E-01 -2.19596E-02  3.92174E-08 -4.39791E-08  5.85964E-01 -2.19596E-02  1.66019E-08  2.36928E-10
 0.53026  1.60092E+00 -4.86112E-01 -5.87747E-01 -2.22599E-02  2.36826E-08  1.40950E-08  5.87747E-01 -2.22599E-02  3.12485E-08 -2.73312E-08
 0.53325  1.60453E+00 -4.89318E-01 -5.89532E-01 -2.25608E-02 -3.20122E-08  1.17539E-08  5.89532E-01 -2.25608E-02  3.49258E-09 -3.20665E-08
 0.53624  1.60799E+00 -4.94655E-01 -5.91318E-01 -2.28597E-02 -2.54805E-08 -1.37287E-08  5.91318E-01 -2.28597E-02 -2.83835E-08  2.08938E-09
 0.53923  1.61223E+00 -5.02418E-01 -5.93106E-01 -2.31614E-02  1.53663E-08 -1.66623E-08  5.93106E-01 -2.31614E-02  5.92420E-09  2.02676E-08
 0.54222  1.61492E+00 -5.10439E-01 -5.94895E-01 -2.34643E-02  2.42513E-08  3.06160E-08  5.94895E-01 -2.34643E-02  3.89947E-09 -2.40847E-08
 0.54521  1.61801E+00 -5.14478E-01 -5.96685E-01 -2.37646E-02 -7.24097E-09  2.33319E-08  5.96685E-01 -2.37646E-02  2.05489E-08 -7.87785E-09
 0.54820  1.62232E+00 -5.15007E-01 -5.98477E-01 -2.40686E-02 -1.25456E-08 -1.27270E-08  5.98477E-01 -2.40686E-02  7.20641E-09  7.72032E-09
 0.55119  1.62494E+00 -5.24203E-01 -6.00271E-01 -2.43734E-02  9.58803E-09 -1.84108E-08  6.00271E-01 -2.43734E-02 -3.61969E-08  2.27278E-08
 0.55418  1.62870E+00 -5.35484E-01 -6.02067E-01 -2.46963E-02  3.13194E-08  1.40595E-08  6.02067E-01 -2.46963E-02 -3.02196E-08 -1.00415E-08
 0.55717  1.63220E+00 -5.44334E-01 -6.03860E-01 -2.49983E-02  1.50320E-08  3.26270E-08  6.03860E-01 -2.49983E-02  1.25862E-08 -7.24378E-09
 0.56016  1.63588E+00 -5.48154E-01 -6.05656E-01 -2.53041E-02 -2.76785E-08  1.26453E-08  6.05656E-01 -2.53041E-02  2.97425E-08 -8.12882E-09
 0.56315  1.64235E+00 -5.47929E-01 -6.07452E-01 -2.56110E-02 -1.91345E-08 -1.12890E-08  6.07452E-01 -2.56110E-02  2.12720E-08 -1.27043E-08
 0.56614  1.64243E+00 -5.54918E-01 -6.09249E-01 -2.59182E-02  2.16312E-08 -1.32382E-08  6.09249E-01 -2.59182E-02 -1.28379E-08 -2.09942E-08
 0.56913  1.64509E+00 -5.60307E-01 -6.11048E-01 -2.62205E-02  1.81374E-08  1.81884E-08  6.11048E-01 -2.62205E-02 -1.48022E-08 -3.34053E-09
 0.57212  1.65288E+00 -5.65090E-01 -6.12849E-01 -2.65282E-02 -1.41296E-08  3.12200E-08  6.12849E-01 -2.65282E-02  1.54079E-08  4.03199E-08
 0.57511  1.65307E+00 -5.73168E-01 -6.14650E-01 -2.68362E-02 -2.35306E-08  4.75664E-09  6.14650E-01 -2.68362E-02  4.42366E-09 -1.71697E-08
 0.57810  1.65544E+00 -5.75224E-01 -6.16452E-01 -2.71445E-02  3.87190E-09 -3.07550E-08  6.16452E-01 -2.71445E-02 -1.86478E-08  8.05991E-09
 0.58109  1.66294E+00 -5.71968E-01 -6.18255E-01 -2.74457E-02  2.38195E-08 -4.68802E-09  6.18255E-01 -2.74457E-02 -1.18854E-08  1.90723E-08
 0.58408  1.66193E+00 -5.86615E-01 -6.20061E-01 -2.77542E-02  3.24127E-09  1.80163E-08  6.20061E-01 -2.77542E-02  2.47203E-08  1.59277E-08
 0.58707  1.66621E+00 -5.95325E-01 -6.21867E-01 -2.80630E-02 -1.45277E-08  7.66641E-09  6.21867E-01 -2.80630E-02  1.90197E-08  1.43595E-08
 0.59006  1.66870E+00 -5.99798E-01 -6.23674E-01 -2.83719E-02 -2.88709E-08 -1.88429E-08  6.23674E-01 -2.83719E-02 -2.90360E-08  1.43881E-08
 0.59305  1.67471E+00 -5.98243E-01 -6.25481E-01 -2.86808E-02 -2.08615E-08 -1.54058E-08  6.25481E-01 -2.86808E-02  4.97360E-09  1.04023E-08
 0.59604  1.67609E+00 -6.04330E-01 -6.27291E-01 -2.89819E-02  9.51366E-09  1.79904E-08  6.27291E-01 -2.89819E-02  7.31048E-09  2.77084E-09
 0.59903  1.67935E+00 -6.12818E-01 -6.29101E-01 -2.92910E-02  9.47975E-09  2.30128E-08  6.29101E-01 -2.92910E-02 -2.20056E-08 -8.48273E-09
 0.60202  1.68275E+00 -6.21484E-01 -6.30912E-01 -2.95996E-02 -2.09666E-08 -3.27517E-10  6.30912E-01 -2.95996E-02  3.82087E-09 -1.33631E-08
 0.60501  1.68834E+00 -6.31298E-01 -6.32723E-01 -2.99087E-02 -2.50220E-08 -1.65324E-08  6.32723E-01 -2.99087E-02  1.20241E-08 -1.48481E-08
 0.60800  1.68952E+00 -6.31723E-01 -6.34536E-01 -3.02081E-02 -2.70789E-09 -2.56187E-08  6.34536E-01 -3.02081E-02  2.60680E-09 -1.29486E-08
 0.61099  1.69266E+00 -6.24195E-01 -6.36351E-01 -3.05171E-02  3.61003E-08  8.86512E-09  6.36351E-01 -3.05171E-02 -2.44340E-08 -7.73241E-09
 0.61398  1.69595E+00 -6.33464E-01 -6.38166E-01 -3.08261E-02  2.13736E-08  1.40881E-09  6.38166E-01 -3.08261E-02 -1.03652E-08 -7.40244E-09
 0.61697  1.70128E+00 -6.59543E-01 -6.39981E-01 -3.11617E-02 -1.33378E-08  2.74979E-09  6.39981E-01 -3.11617E-02  1.00262E-08 -1.60772E-09
 0.61996  1.70378E+00 -6.48819E-01 -6.41795E-01 -3.14707E-02 -2.30518E-08  7.01007E-09  6.41795E-01 -3.14707E-02  3.67934E-08  9.70680E-09
 0.62295  1.70641E+00 -6.39528E-01 -6.43610E-01 -3.17680E-02 -7.78103E-09  1.42015E-08  6.43610E-01 -3.17680E-02  2.58449E-08 -9.32961E-09
 0.62594  1.70941E+00 -6.32898E-01 -6.45428E-01 -3.20763E-02  3.24376E-08  2.43801E-08  6.45428E-01 -3.20763E-02 -8.20508E-09 -1.88052E-08
 0.62893  1.71395E+00 -6.31016E-01 -6.47245E-01 -3.23849E-02  8.05709E-09  1.29937E-08  6.47245E-01 -3.23849E-02 -2.22296E-08 -7.42110E-09
 0.63192  1.71605E+00 -6.59693E-01 -6.49063E-01 -3.26931E-02 -2.27030E-08 -1.70748E-09  6.49063E-01 -3.26931E-02 -9.07100E-11  9.43088E-09
 0.63491  1.71987E+00 -6.66119E-01 -6.50880E-01 -3.30007E-02 -4.84411E-09 -1.31186E-08  6.50880E-01 -3.30007E-02  1.87735E-08  8.51681E-09
 0.63790  1.72376E+00 -6.70677E-01 -6.52700E-01 -3.32944E-02  3.74157E-09 -8.63819E-09  6.52700E-01 -3.32944E-02  2.38128E-08  2.02947E-09
 0.64089  1.73084E+00 -6.74457E-01 -6.54522E-01 -3.36015E-02  3.05648E-09  1.17472E-08  6.54522E-01 -3.36015E-02  1.50554E-08 -1.00514E-08
 0.64388  1.73056E+00 -6.79867E-01 -6.56343E-01 -3.39085E-02 -2.64453E-09  5.14923E-09  6.56343E-01 -3.39085E-02  1.76522E-09 -1.24096E-08
 0.64687  1.73328E+00 -6.80915E-01 -6.58164E-01 -3.42150E-02  8.07658E-10 -2.68707E-09  6.58164E-01 -3.42150E-02 -3.42029E-09  2.48404E-09
 0.64986  1.73697E+00 -6.84262E-01 -6.59985E-01 -3.45209E-02  1.33954E-08 -1.17552E-08  6.59985E-01 -3.45209E-02 -6.96796E-09  8.07516E-09
 0.65285  1.73965E+00 -6.91290E-01 -6.61808E-01 -3.48102E-02  3.51181E-08 -2.21486E-08  6.61808E-01 -3.48102E-02 -8.88912E-09  4.37132E-09
 0.65584  1.74342E+00 -7.01454E-01 -6.63634E-01 -3.51152E-02  4.61600E-08 -3.94921E-08  6.63634E-01 -3.51152E-02 -9.19285E-09 -8.63132E-09
 0.65883  1.74714E+00 -7.09567E-01 -6.65459E-01 -3.54200E-02  4.65480E-08 -6.38185E-08  6.65459E-01 -3.54200E-02 -7.87217E-09 -3.09312E-08
 0.66182  1.75350E+00 -7.16602E-01 -6.67284E-01 -3.57244E-02  3.63512E-08 -9.52599E-08  6.67284E-01 -3.57244E-02 -4.97083E-09 -6.25684E-08
 0.66481  1.75073E+00 -7.07448E-01 -6.69109E-01 -3.60281E-02  3.43551E-08 -2.02426E-08  6.69109E-01 -3.60281E-02 -2.21959E-08 -3.06616E-08
 0.66780  1.75466E+00 -7.13060E-01 -6.70933E-01 -3.63124E-02 -2.75860E-08  1.22938E-08  6.70933E-01 -3.63124E-02  1.44918E-08  2.95272E-08
 0.67079  1.75855E+00 -7.18692E-01 -6.72763E-01 -3.66149E-02 -3.61818E-08  8.40001E-09  6.72763E-01 -3.66149E-02  3.97561E-09 -5.94764E-10
 0.67378  1.76239E+00 -7.24351E-01 -6.74592E-01 -3.69171E-02  8.57031E-09 -3.19526E-08  6.74592E-01 -3.69171E-02 -1.43711E-08  2.13051E-08
 0.67677  1.76619E+00 -7.30040E-01 -6.76421E-01 -3.72188E-02  1.22815E-08 -2.15401E-08  6.76421E-01 -3.72188E-02  6.48419E-09  3.14789E-08
 0.67976  1.76995E+00 -7.35762E-01 -6.78249E-01 -3.75200E-02 -2.50899E-08  3.96746E-08  6.78249E-01 -3.75200E-02  2.83178E-08  2.40167E-08
 0.68275  1.77284E+00 -7.40518E-01 -6.80077E-01 -3.78210E-02 -2.07859E-08  2.93327E-08  6.80077E-01 -3.78210E-02  5.08959E-08 -1.39720E-09
 0.68574  1.76351E+00 -7.42038E-01 -6.81906E-01 -3.80989E-02  1.21153E-08 -3.38320E-08  6.81906E-01 -3.80989E-02  1.33018E-08  2.51441E-08
 0.68873  1.76717E+00 -7.47729E-01 -6.83740E-01 -3.83976E-02  2.21534E-08 -3.08098E-09  6.83740E-01 -3.83976E-02 -1.97353E-08 -3.40012E-09
 0.69172  1.78488E+00 -7.55925E-01 -6.85573E-01 -3.87334E-02  1.54145E-08  9.46673E-09  6.85573E-01 -3.87334E-02 -1.58438E-08 -1.78971E-08
 0.69471  1.77581E+00 -7.60146E-01 -6.87403E-01 -3.90319E-02 -8.10577E-09  3.81505E-09  6.87403E-01 -3.90319E-02  2.49985E-08 -1.83755E-08
 0.69770  1.76211E+00 -7.59307E-01 -6.89232E-01 -3.93297E-02 -2.52193E-08  2.49527E-09  6.89232E-01 -3.93297E-02  3.55125E-09  2.97968E-09
 0.70069  1.76564E+00 -7.64982E-01 -6.91061E-01 -3.96265E-02 -3.59617E-08  5.50829E-09  6.91061E-01 -3.96265E-02  2.69474E-08  4.38117E-09
 0.70368  1.77056E+00 -7.71964E-01 -6.92890E-01 -3.98978E-02 -4.03907E-08  1.28612E-08  6.92890E-01 -3.98978E-02 -1.25501E-09 -1.40202E-08
 0.70667  1.77405E+00 -7.77750E-01 -6.94724E-01 -4.01929E-02 -3.85817E-08  2.45774E-08  6.94724E-01 -4.01929E-02 -1.61908E-08 -2.57933E-08
 0.70966  1.77793E+00 -7.83095E-01 -6.96557E-01 -4.04876E-02 -2.73258E-08  2.35809E-08  6.96557E-01 -4.04876E-02 -1.78942E-08 -3.09504E-08
 0.71265  1.77355E+00 -7.82716E-01 -6.98391E-01 -4.07831E-02 -6.63027E-09  9.88257E-09  6.98391E-01 -4.07831E-02 -6.38629E-09 -2.95162E-08
 0.71564  1.77814E+00 -7.80572E-01 -7.00223E-01 -4.10762E-02  2.35423E-08 -1.65243E-08  7.00223E-01 -4.10762E-02  1.83417E-08 -2.15119E-08
 0.71863  1.78062E+00 -7.90159E-01 -7.02055E-01 -4.13685E-02  1.63357E-08 -1.32583E-08  7.02055E-01 -4.13685E-02  2.32088E-08 -2.79261E-09
 0.72162  1.78595E+00 -7.95434E-01 -7.03884E-01 -4.16321E-02 -2.83126E-08  1.97158E-08  7.03884E-01 -4.16321E-02  8.25598E-09  2.67031E-08
 0.72461  1.78839E+00 -8.04437E-01 -7.05721E-01 -4.19222E-02 -1.19315E-08  1.37350E-08  7.05721E-01 -4.19222E-02  4.32249E-09  2.25902E-08
 0.72760  1.79173E+00 -8.17254E-01 -7.07558E-01 -4.22118E-02  1.77073E-09 -2.03242E-08  7.07558E-01 -4.22118E-02  1.14267E-08 -1.51367E-08
 0.73059  1.79403E+00 -8.19270E-01 -7.09394E-01 -4.25008E-02 -2.77065E-09 -3.44759E-08  7.09394E-01 -4.25008E-02 -1.15588E-08  2.41124E-09
 0.73358  1.79387E+00 -8.13825E-01 -7.11229E-01 -4.27890E-02 -2.56457E-08 -2.87495E-08  7.11229E-01 -4.27890E-02  1.28013E-08  2.78679E-09
 0.73657  1.79963E+00 -8.13817E-01 -7.13064E-01 -4.30763E-02 -2.55885E-08  4.06918E-10  7.13064E-01 -4.30763E-02  1.70035E-08 -9.38745E-09
 0.73956  1.80255E+00 -8.22692E-01 -7.14897E-01 -4.33625E-02  3.68779E-09  8.62901E-09  7.14897E-01 -4.33625E-02  1.02713E-09 -3.41822E-08
 0.74255  1.80685E+00 -8.34444E-01 -7.16730E-01 -4.36171E-02  3.59867E-08  1.65293E-08  7.16730E-01 -4.36171E-02 -1.93026E-08 -2.08027E-08
 0.74554  1.79644E+00 -8.47258E-01 -7.18570E-01 -4.39039E-02  1.09964E-08  8.27070E-09  7.18570E-01 -4.39039E-02 -1.61504E-08  7.78330E-09
 0.74853  1.79994E+00 -8.37174E-01 -7.20409E-01 -4.41872E-02 -1.58137E-08 -2.08420E-09  7.20409E-01 -4.41872E-02 -5.36275E-09  2.48326E-08
 0.75152  1.80331E+00 -8.43209E-01 -7.22248E-01 -4.44700E-02 -4.45039E-08 -1.45637E-08  7.22248E-01 -4.44700E-02  1.30135E-08  3.03924E-08
 0.75451  1.80668E+00 -8.49342E-01 -7.24085E-01 -4.47519E-02 -6.35009E-09 -2.20500E-08  7.24085E-01 -4.47519E-02 -1.29784E-08  2.14734E-08
 0.75750  1.81002E+00 -8.55529E-01 -7.25922E-01 -4.50328E-02  1.89176E-08 -1.14005E-08  7.25922E-01 -4.50328E-02 -3.57950E-08  7.53835E-09
 0.76049  1.81334E+00 -8.61771E-01 -7.27758E-01 -4.53125E-02  3.13421E-08  1.74166E-08  7.27758E-01 -4.53125E-02  2.09748E-09 -9.20187E-09
 0.76348  1.81670E+00 -8.67976E-01 -7.29592E-01 -4.55578E-02 -9.49687E-09  2.15046E-08  7.29592E-01 -4.55578E-02  8.82587E-09 -1.78036E-08
 0.76647  1.82298E+00 -8.75838E-01 -7.31434E-01 -4.58353E-02 -1.31771E-08 -1.50191E-08  7.31434E-01 -4.58353E-02 -1.56267E-08 -1.82848E-08
 0.76946  1.82801E+00 -8.85648E-01 -7.33275E-01 -4.61121E-02 -4.02256E-09 -2.37736E-08  7.33275E-01 -4.61121E-02 -3.35450E-08  3.40445E-09
 0.77245  1.83146E+00 -8.92252E-01 -7.35116E-01 -4.63881E-02  1.79840E-08 -4.76414E-09  7.35116E-01 -4.63881E-02 -2.13221E-08  1.21073E-08
 0.77544  1.83507E+00 -8.96828E-01 -7.36955E-01 -4.66633E-02  1.98900E-08  1.72049E-08  7.36955E-01 -4.66633E-02  2.09796E-08  7.85722E-09
 0.77843  1.84040E+00 -9.00960E-01 -7.38794E-01 -4.69375E-02 -1.37064E-09  2.70112E-08  7.38794E-01 -4.69375E-02 -7.38995E-09 -1.85690E-08
 0.78142  1.84715E+00 -9.06155E-01 -7.40632E-01 -4.72106E-02 -8.78312E-09  2.94075E-08  7.40632E-01 -4.72106E-02 -1.29165E-09 -1.57337E-08
 0.78441  1.81947E+00 -9.14083E-01 -7.42470E-01 -4.74867E-02 -2.33694E-09  2.44219E-08  7.42470E-01 -4.74867E-02  3.93310E-08  1.63859E-08
 0.78740  1.81901E+00 -9.15916E-01 -7.44309E-01 -4.77215E-02  1.79983E-08  1.20663E-08  7.44309E-01 -4.77215E-02 -3.03407E-09  1.09976E-08
 0.79039  1.82110E+00 -9.18804E-01 -7.46154E-01 -4.80381E-02  2.34685E-08 -1.16150E-08  7.46154E-01 -4.80381E-02 -8.64196E-09  1.18317E-08
 0.79338  1.82882E+00 -9.24307E-01 -7.47994E-01 -4.83073E-02  6.02046E-09 -2.36791E-08  7.47994E-01 -4.83073E-02  2.25400E-08  1.89188E-08
 0.79637  1.84463E+00 -9.33242E-01 -7.49834E-01 -4.85755E-02 -3.30252E-08 -2.33482E-08  7.49834E-01 -4.85755E-02  1.35090E-08 -8.69864E-10
 0.79936  1.85332E+00 -9.25758E-01 -7.51673E-01 -4.88426E-02 -3.01726E-08 -2.08729E-09  7.51673E-01 -4.88426E-02 -3.57402E-08 -4.76247E-08
 0.80235  1.83464E+00 -9.53413E-01 -7.53512E-01 -4.91087E-02  1.22865E-08  3.76348E-08  7.53512E-01 -4.91087E-02 -2.22644E-08 -1.55398E-08
 0.80534  1.83807E+00 -9.53405E-01 -7.55350E-01 -4.93737E-02  1.53958E-08  9.42251E-09  7.55350E-01 -4.93737E-02  1.66673E-08 -7.30922E-09
 0.80833  1.84042E+00 -9.48799E-01 -7.57187E-01 -4.96374E-02 -1.00686E-08 -1.50451E-08  7.57187E-01 -4.96374E-02  1.78707E-08  1.21627E-08
 0.81132  1.84249E+00 -9.40983E-01 -7.59024E-01 -4.98619E-02  4.93657E-09 -2.87215E-08  7.59024E-01 -4.98619E-02 -1.86689E-08  4.29551E-08
 0.81431  1.84536E+00 -9.63277E-01 -7.60866E-01 -5.01231E-02  2.35457E-08  1.84735E-08  7.60866E-01 -5.01231E-02 -3.19418E-08  1.75205E-09
 0.81730  1.84938E+00 -1.01517E+00 -7.62708E-01 -5.03835E-02  2.16322E-08  7.01743E-09  7.62708E-01 -5.03835E-02 -7.79460E-09 -2.91357E-08
 0.82029  1.85250E+00 -1.00166E+00 -7.64549E-01 -5.06430E-02 -1.67403E-09 -2.03124E-08  7.64549E-01 -5.06430E-02  4.42248E-09  5.49456E-09
 0.82328  1.85666E+00 -9.26154E-01 -7.66389E-01 -5.09015E-02 -1.45626E-08 -1.30631E-08  7.66389E-01 -5.09015E-02  1.06265E-08  9.32851E-09
 0.82627  1.82759E+00 -9.90886E-01 -7.68231E-01 -5.11646E-02 -1.70672E-08  2.87924E-08  7.68231E-01 -5.11646E-02  1.08333E-08 -1.76441E-08
 0.82926  1.86159E+00 -1.00556E+00 -7.70070E-01 -5.14207E-02  6.06350E-09  2.33348E-08  7.70070E-01 -5.14207E-02  6.17854E-09 -3.02960E-08
 0.83225  1.83427E+00 -1.00422E+00 -7.71909E-01 -5.16754E-02  3.21404E-08 -2.14765E-09  7.71909E-01 -5.16754E-02 -3.36318E-09 -2.86785E-08
 0.83524  1.83053E+00 -1.00066E+00 -7.73744E-01 -5.18902E-02  2.40086E-08 -1.06435E-08  7.73744E-01 -5.18902E-02 -1.77900E-08 -1.27902E-08
 0.83823  1.87067E+00 -1.00921E+00 -7.75587E-01 -5.21421E-02 -1.83466E-08 -2.15392E-09  7.75587E-01 -5.21421E-02 -1.09041E-08  4.95064E-09
 0.84122  1.85902E+00 -1.03651E+00 -7.77430E-01 -5.23928E-02 -1.75522E-08 -1.47190E-08  7.77430E-01 -5.23928E-02  1.73371E-08  2.45406E-08
 0.84421  1.86285E+00 -1.04409E+00 -7.79273E-01 -5.26430E-02  2.64416E-08 -4.83418E-08  7.79273E-01 -5.26430E-02 -3.13447E-09  1.56576E-08
 0.84720  1.86670E+00 -1.05175E+00 -7.81115E-01 -5.28921E-02  3.04273E-08 -1.23977E-08  7.81115E-01 -5.28921E-02 -1.76591E-08 -2.49330E-08
 0.85019  1.87057E+00 -1.05949E+00 -7.82956E-01 -5.31401E-02  1.18120E-08  3.35310E-08  7.82956E-01 -5.31401E-02  1.83965E-08 -2.84500E-08
 0.85318  1.87418E+00 -1.06546E+00 -7.84796E-01 -5.33869E-02  5.79770E-09  2.09212E-08  7.84796E-01 -5.33869E-02  1.13619E-08 -5.21754E-09
 0.85617  1.87849E+00 -1.06886E+00 -7.86636E-01 -5.36320E-02  6.35911E-10 -3.07220E-08  7.86636E-01 -5.36320E-02 -2.48762E-09  2.92037E-08
 0.85916  1.89131E+00 -1.08416E+00 -7.88475E-01 -5.38764E-02  1.39120E-08 -2.89522E-08  7.88475E-01 -5.38764E-02 -8.79550E-09  1.74655E-08
 0.86215  1.91605E+00 -1.11292E+00 -7.90310E-01 -5.40806E-02  2.97565E-08 -1.09103E-09  7.90310E-01 -5.40806E-02 -7.77612E-09 -4.09840E-08
 0.86514  1.85817E+00 -1.11365E+00 -7.92154E-01 -5.43221E-02  2.50387E-08 -2.20992E-09  7.92154E-01 -5.43221E-02 -2.08825E-08 -1.51317E-08
 0.86813  1.86151E+00 -1.10335E+00 -7.93997E-01 -5.45627E-02 -2.40576E-10 -3.23411E-08  7.93997E-01 -5.45627E-02 -2.08646E-08 -2.59549E-09
 0.87112  1.88830E+00 -1.13007E+00 -7.95842E-01 -5.48101E-02 -9.83355E-10 -3.28168E-08  7.95842E-01 -5.48101E-02 -7.72586E-09 -3.37716E-09
 0.87411  1.90792E+00 -1.14551E+00 -7.97685E-01 -5.50485E-02  2.28251E-08 -3.64411E-09  7.97685E-01 -5.50485E-02  1.85400E-08 -1.74804E-08
 0.87710  1.89546E+00 -1.14314E+00 -7.99527E-01 -5.52857E-02  2.42249E-08  3.02000E-08  7.99527E-01 -5.52857E-02  2.41404E-08 -1.93567E-08
 0.88009  1.90010E+00 -1.15137E+00 -8.01369E-01 -5.55218E-02 -1.87304E-08  2.78485E-08  8.01369E-01 -5.55218E-02  9.08545E-09 -9.02111E-09
 0.88308  1.90478E+00 -1.15968E+00 -8.03210E-01 -5.57566E-02 -2.63167E-08  4.24709E-09  8.03210E-01 -5.57566E-02 -2.66311E-08  1.35323E-08
 0.88607  1.90951E+00 -1.16817E+00 -8.05050E-01 -5.59902E-02  1.38636E-09 -4.06540E-08  8.05050E-01 -5.59902E-02 -1.59274E-08  6.84485E-09
 0.88906  1.91447E+00 -1.17726E+00 -8.06890E-01 -5.62216E-02  2.43598E-08 -2.43456E-08  8.06890E-01 -5.62216E-02  1.37162E-08  2.32893E-08
 0.89205  1.92620E+00 -1.19544E+00 -8.08726E-01 -5.64142E-02  1.12278E-08  3.08593E-08  8.08726E-01 -5.64142E-02  1.99520E-08  1.55298E-09
 0.89504  1.94784E+00 -1.22436E+00 -8.10571E-01 -5.66436E-02 -1.05552E-08  1.89858E-08  8.10571E-01 -5.66436E-02 -3.94783E-09 -2.26472E-08
 0.89803  1.91066E+00 -1.23031E+00 -8.12414E-01 -5.68718E-02 -2.29519E-08 -8.73779E-09  8.12414E-01 -5.68718E-02 -3.25789E-08 -2.42932E-08
 0.90102  1.89584E+00 -1.20778E+00 -8.14257E-01 -5.70992E-02 -2.58880E-08 -5.22719E-08  8.14257E-01 -5.70992E-02 -6.62153E-08 -3.55542E-09
 0.90401  1.89738E+00 -1.21572E+00 -8.16099E-01 -5.73244E-02  1.71080E-09 -2.17670E-08  8.16099E-01 -5.73244E-02 -1.42535E-08  2.41714E-08
 0.90700  1.91886E+00 -1.25564E+00 -8.17941E-01 -5.75494E-02  1.94304E-08  1.68646E-08  8.17941E-01 -5.75494E-02  1.95194E-09 -2.03132E-08
 0.90999  1.95750E+00 -1.34149E+00 -8.19782E-01 -5.77733E-02 -1.40755E-08  2.85061E-08  8.19782E-01 -5.77733E-02  7.58038E-10 -2.36378E-08
 0.91298  1.98976E+00 -1.30303E+00 -8.21623E-01 -5.79959E-02 -2.78292E-08  2.77875E-09  8.21623E-01 -5.79959E-02 -1.78501E-08  1.42137E-08
 0.91597  1.96059E+00 -1.31178E+00 -8.23463E-01 -5.82172E-02  1.80264E-09 -1.77314E-08  8.23463E-01 -5.82172E-02 -1.57284E-08  1.58463E-08
 0.91896  1.96484E+00 -1.32248E+00 -8.25302E-01 -5.84372E-02  2.99975E-08 -1.45318E-08  8.25302E-01 -5.84372E-02  7.12615E-09 -1.87543E-08
 0.92195  2.00549E+00 -1.33660E+00 -8.27140E-01 -5.86822E-02  3.63159E-08  2.12520E-08  8.27141E-01 -5.86821E-02  8.80505E-11 -3.76495E-08
 0.92494  2.00502E+00 -1.42456E+00 -8.28983E-01 -5.88992E-02 -1.95367E-08  2.82932E-08  8.28983E-01 -5.88992E-02 -2.29080E-08 -3.72605E-08
 0.92793  1.96708E+00 -1.58774E+00 -8.30826E-01 -5.91151E-02 -2.48380E-08 -4.49890E-09  8.30826E-01 -5.91151E-02  6.66557E-09  1.79860E-08
 0.93092  2.01173E+00 -1.44137E+00 -8.32668E-01 -5.93299E-02 -9.58118E-09 -2.31142E-08  8.32668E-01 -5.93299E-02 -2.79313E-08  2.57724E-08
 0.93391  8.34509E-01 -5.95434E-02 -8.34509E-01 -5.95434E-02  2.60932E-08 -2.75822E-08 -1.29548E-08  1.32490E-08 -1.16295E-01 -4.24220E-01
 0.93690 -1.05483E+00 -5.71775E-01 -8.36350E-01 -5.97557E-02  1.25272E-08 -2.36850E-08  8.36350E-01 -5.97557E-02 -6.22870E-02 -4.59118E-01
 0.93989 -2.11013E+00 -1.59218E+00 -8.38190E-01 -5.99651E-02 -5.05685E-08 -1.12162E-08  1.95309E+00 -1.31898E+00  2.50473E-08  1.04942E-08
 0.94288 -2.15753E+00 -1.66719E+00 -8.40030E-01 -6.01749E-02 -4.34765E-10 -3.51843E-08  2.09215E+00 -1.50727E+00  1.34321E-09  8.32364E-09
 0.94587 -1.02672E+00 -6.24687E-01 -8.41869E-01 -6.03831E-02 -1.73341E-08 -1.89751E-09  1.04224E+00 -5.77072E-01 -7.23921E-02 -4.62464E-01
 0.94886  8.43708E-01 -6.05903E-02 -8.43708E-01 -6.05903E-02  1.65199E-08  2.24638E-08 -1.03682E+00 -5.77908E-01 -1.34167E-01 -4.44991E-01
 0.95185  2.04727E+00 -1.44325E+00 -8.45546E-01 -6.07961E-02  2.47065E-08 -1.21738E-08 -2.03442E+00 -1.40911E+00 -1.31943E-08 -2.58028E-09
 0.95484  2.09062E+00 -1.46441E+00 -8.47379E-01 -6.09674E-02 -7.58018E-09 -2.18199E-08 -2.09298E+00 -1.53089E+00  1.38241E-09  2.42244E-08
 0.95783  8.49221E-01 -6.11681E-02 -8.49221E-01 -6.11681E-02 -4.61414E-08 -1.20485E-08 -1.01897E+00 -6.17953E-01 -1.55928E-01 -4.43978E-01
 0.96082 -1.01241E+00 -6.17711E-01 -8.51062E-01 -6.13697E-02 -1.71463E-08  1.40130E-08  1.01241E+00 -6.17711E-01 -4.31475E-02 -5.54354E-01
 0.96381 -2.13859E+00 -1.56611E+00 -8.52903E-01 -6.15701E-02  3.77461E-08  1.63357E-08  2.05055E+00 -1.45179E+00  1.65996E-01 -4.61565E-01
 0.96680 -1.00004E+00 -6.68220E-01 -8.54744E-01 -6.17692E-02 -4.01419E-10  2.59743E-08  2.10173E+00 -1.57107E+00 -2.10511E-08 -1.42853E-08
 0.96979  1.00854E+00 -6.10682E-01 -8.56583E-01 -6.19669E-02 -1.15956E-08  2.38745E-08  8.56583E-01 -6.19669E-02  2.12474E-08 -7.05439E-09
 0.97278  2.06730E+00 -1.56373E+00 -8.58422E-01 -6.21637E-02  4.17204E-09  1.00517E-08 -1.01144E+00 -6.61284E-01  1.82311E-01 -4.69563E-01
 0.97577  2.10799E+00 -1.57273E+00 -8.60261E-01 -6.23592E-02  4.64691E-08 -1.71496E-08 -2.15223E+00 -1.63408E+00 -1.47221E-02 -6.59252E-01
 0.97876  9.82941E-01 -6.55703E-01 -8.62103E-01 -6.25655E-02  1.93388E-08 -7.53408E-09 -2.20421E+00 -1.78265E+00 -2.14013E-01 -4.71394E-01
 0.98175 -8.63943E-01 -6.27582E-02  1.64638E-08 -9.24334E-09 -4.13122E-08  1.87267E-08 -9.53621E-01 -7.32871E-01 -1.98342E-01 -4.88458E-01
 0.98474 -2.11675E+00 -1.58550E+00  9.58782E-01 -7.04654E-01 -4.25881E-08  2.90476E-08  8.65782E-01 -6.29495E-02  2.04601E-01 -4.97363E-01
 0.98773 -2.20724E+00 -1.64056E+00  2.07578E+00 -1.55010E+00  1.55071E-08  2.34541E-08  9.59220E-01 -6.84232E-01  8.67621E-01 -6.31395E-02
 0.99072 -2.33922E-01 -5.02175E-01  2.21485E+00 -1.86495E+00  1.87174E-08  1.19834E-08 -4.67939E-02 -1.74185E+00  8.69455E-01 -6.32988E-02
 0.99371  8.71296E-01 -6.34857E-02  2.17370E+00 -1.60045E+00 -3.29109E-08 -5.37043E-09 -2.19108E+00 -1.65627E+00  2.20571E-01 -5.07253E-01
 0.99670  2.46594E-01 -4.96610E-01  2.19517E+00 -1.66302E+00 -1.39267E-08 -9.53586E-10 -2.13010E+00 -1.56958E+00 -9.52735E-01 -6.95638E-01
 0.99969 -2.18094E+00 -1.62327E+00  2.22501E+00 -1.68888E+00  2.53783E-08  8.46316E-09  2.56019E-02 -6.84671E-01 -9.44768E-01 -7.13986E-01
 1.00268  1.42944E-08 -1.16395E-08  2.20025E+00 -1.68082E+00  2.28584E-08  2.03366E-08  9.05038E-01 -7.47564E-01  2.59998E-01 -5.16705E-01
 1.00567  2.18447E+00 -1.63605E+00  9.02864E-01 -7.90274E-01 -2.15136E-08  3.47226E-08  8.54298E-01 -1.06425E+00  8.78658E-01 -6.42179E-02
 1.00866  8.91565E-10 -3.24164E-08 -8.77964E-01 -8.42169E-01  4.11762E-09  3.42351E-08  2.75556E-01 -5.34943E-01  8.80497E-01 -6.43994E-02
 1.01165 -2.19636E+00 -1.68824E+00 -9.92528E-09 -1.77994E-08  2.16224E-08  5.05157E-09 -8.82337E-01 -6.45780E-02  2.82915E-01 -5.41042E-01
 1.01464 -2.29331E+00 -1.78466E+00  1.20654E-08 -1.49320E-08  3.10594E-08 -5.29258E-08 -8.69793E-01 -8.15837E-01 -8.84176E-01 -6.47561E-02
 1.01763  2.24752E-08  7.68956E-09 -8.45370E-01 -9.03422E-01 -1.53280E-08 -1.18592E-08  8.08591E-01 -1.09851E+00 -8.86014E-01 -6.49327E-02
 1.02062  8.67589E-01 -8.42904E-01 -2.29115E+00 -1.74991E+00 -2.85186E-08  1.64954E-08  2.20582E+00 -1.72439E+00  3.20189E-01 -5.55331E-01
 1.02361  1.09525E+00 -3.52629E+00  3.38521E-09 -1.99177E-08 -8.50258E-09  3.21673E-08  2.20957E+00 -1.73870E+00  8.21876E-01 -9.54724E-01
 1.02660  1.85445E+00 -7.36710E+00  8.72954E-01 -8.98774E-01  4.47755E-08  3.52232E-08  8.05930E-01 -1.07438E+00  8.06461E-01 -1.19388E+00
 1.02959  7.15490E-01 -1.11400E+00  3.63069E-02 -3.85734E+00  3.44346E-08  9.50646E-09 -3.40862E-01 -5.56026E-01  3.40337E-01 -5.64319E-01
 1.03258 -2.19403E+00 -1.68077E+00 -1.41366E+00 -2.31621E-01 -3.94943E-08 -4.50508E-08 -3.49292E-01 -5.62848E-01  2.48172E-09  7.38863E-09
 1.03557  6.89935E-09 -7.35783E-09 -3.60082E-01 -5.72532E-01  9.39984E-09  2.78111E-08  8.03372E-01 -1.09547E+00 -8.97042E-01 -6.59369E-02
 1.03856  2.27359E+00 -1.71151E+00  3.89998E-01 -5.82865E-01  2.44259E-08  5.94056E-09  8.03389E-01 -9.14886E-01 -2.22666E+00 -1.74606E+00
 1.04155  2.32989E+00 -1.80298E+00  9.00720E-01 -6.62663E-02 -9.31417E-09 -2.05629E-08  1.23430E-08  1.81071E-08 -2.32589E+00 -1.80301E+00
 1.04454  1.43050E-08  1.08014E-08  9.02563E-01 -6.64485E-02 -2.20145E-08 -1.23539E-08 -7.53813E-01 -1.02735E+00 -9.02563E-01 -6.64485E-02
 1.04753 -7.52362E-01 -9.52094E-01  4.16083E-01 -5.90512E-01 -1.36961E-08  3.05917E-08 -9.97089E-01 -2.47532E+00  9.04403E-01 -6.66119E-02
 1.05052  1.05003E+00 -3.92659E+00 -7.60580E-01 -1.24758E+00  7.59928E-09  2.25111E-08 -1.10645E+00 -3.81699E+00  2.29959E+00 -1.78205E+00
 1.05351  2.35050E+00 -1.90844E+00 -2.34241E+00 -1.85213E+00  4.19536E-08 -3.66312E-08 -1.15338E+00 -4.77130E+00  4.55335E-01 -6.03492E-01
 1.05650  4.66123E-01 -5.99853E-01 -2.34622E+00 -1.86831E+00  2.64979E-08  1.84342E-08 -1.76769E+00 -7.53780E+00 -4.66123E-01 -5.99853E-01
 1.05949 -2.30021E+00 -1.82829E+00 -7.05585E-01 -1.27273E+00 -1.76721E-09  3.90441E-08 -2.44820E+00 -5.13682E+00 -4.81609E-01 -6.05511E-01
 1.06248 -2.00739E-08  1.10917E-08  4.94234E-01 -6.04118E-01 -4.28355E-08  2.48382E-08 -7.02565E-01 -1.25777E+00  7.02196E-01 -1.29612E+00
 1.06547  2.35016E+00 -1.86533E+00  5.24050E-01 -6.09465E-01 -1.95826E-08 -3.00074E-08  9.15436E-01 -6.75591E-02  1.32103E-08  1.96292E-08
 1.06846  2.36367E+00 -1.92353E+00 -6.65474E-01 -1.29989E+00 -7.00268E-09 -2.27707E-08  5.37196E-01 -5.95275E-01 -9.17270E-01 -6.76952E-02
 1.07145 -1.56037E-08 -2.62460E-08 -2.41622E+00 -1.94457E+00 -5.10880E-09  4.66662E-08 -6.96369E-01 -1.42605E+00 -2.32720E+00 -1.87998E+00
 1.07444 -5.79576E-01 -5.91627E-01  1.35603E-08 -2.39984E-08 -1.21189E-08  5.27501E-09 -2.41982E+00 -1.98256E+00 -9.20951E-01 -6.79989E-02
 1.07743  1.04801E+00 -2.97672E+00  9.22791E-01 -6.81488E-02  2.97960E-09 -5.40611E-09 -2.33842E+00 -1.89745E+00  6.13396E-01 -6.00176E-01
 1.08042  2.37799E+00 -1.92066E+00  1.53913E-01 -1.69084E+00  4.02369E-08  1.46356E-08 -6.22014E-01 -5.88048E-01  2.42878E+00 -2.01965E+00
 1.08341  6.23336E-01 -5.73217E-01 -1.20498E+00 -4.51920E+00  3.55616E-08  1.33560E-09  9.26469E-01 -6.84440E-02  2.38216E+00 -1.89931E+00
 1.08640 -6.36613E-01 -5.69239E-01 -2.43700E+00 -1.99374E+00 -1.10068E-08 -4.52312E-08  6.36613E-01 -5.69239E-01  9.28308E-01 -6.85902E-02
 1.08939 -2.33825E+00 -1.90164E+00 -6.69245E-01 -5.52764E-01 -2.42992E-08 -8.70300E-09  2.49457E-08  1.27529E-08 -9.30147E-01 -6.87297E-02
 1.09238 -9.31986E-01 -6.88734E-02  3.01695E-09 -1.46602E-08  1.65816E-08  1.79096E-08 -6.93165E-01 -5.52270E-01 -2.39363E+00 -1.96276E+00
 1.09537  6.89404E-01 -5.45194E-01 -6.13157E-09  2.35573E-08  1.68858E-08  1.08098E-08 -2.39835E+00 -1.94137E+00 -7.01903E-01 -5.44748E-01
 1.09836  2.45320E+00 -2.07638E+00 -7.02902E-01 -5.37839E-01 -2.34890E-08 -3.00652E-08 -2.42807E+00 -1.97805E+00  7.02435E-01 -5.31637E-01
 1.10135  2.43570E+00 -1.98547E+00 -2.40427E+00 -1.92588E+00  1.37528E-08 -2.83402E-08 -7.04430E-01 -5.21345E-01  7.04551E-01 -5.21456E-01
 1.10434  7.13271E-01 -5.16633E-01 -2.44043E+00 -1.99067E+00 -9.49175E-09 -2.94329E-08  9.39343E-01 -6.94351E-02 -6.96700E-01 -5.14801E-01
 1.10733 -7.19977E-01 -5.11028E-01 -9.41182E-01 -6.96203E-02 -2.32183E-08 -1.30485E-08  7.20501E-01 -5.11199E-01  1.95764E-08 -4.15435E-09
 1.11032 -2.45571E+00 -2.00581E+00  7.41260E-01 -4.94824E-01 -2.74539E-08  2.08372E-08 -7.27420E-01 -5.05437E-01  9.43020E-01 -6.97563E-02
 1.11331 -2.47117E+00 -2.07230E+00  2.47436E+00 -2.07364E+00 -2.43186E-08  4.55410E-08 -7.34556E-01 -4.99175E-01  7.34556E-01 -4.99176E-01
 1.11630 -7.47692E-01 -4.82911E-01  2.47102E+00 -2.02100E+00 -2.05868E-08  1.22174E-08  7.47684E-01 -4.82910E-01 -8.57902E-09 -2.38522E-08
 1.11929  7.52850E-01 -4.77695E-01  9.48533E-01 -7.01557E-02  1.08743E-08 -2.56999E-08  2.47925E+00 -2.04212E+00 -1.01841E-08  1.14767E-08
 1.12228  2.43854E+00 -2.02576E+00 -7.57763E-01 -4.72515E-01  3.08841E-08  2.99490E-09  7.57792E-01 -4.72594E-01  9.50373E-01 -7.02861E-02
 1.12527  2.54246E+00 -2.16127E+00 -2.47911E+00 -2.03323E+00  1.00951E-08  2.72944E-08 -7.64298E-01 -4.66895E-01  7.64302E-01 -4.66894E-01
 1.12826  7.69949E-01 -4.62508E-01 -2.54496E+00 -2.16479E+00 -1.80426E-08  2.25704E-08 -2.48847E+00 -2.00640E+00 -7.69943E-01 -4.62506E-01
 1.13125 -7.70902E-01 -4.55380E-01  8.86135E-09  2.22448E-08 -2.19078E-08  1.06514E-08 -2.55056E+00 -2.14441E+00 -9.55893E-01 -7.06697E-02
 1.13424 -2.49900E+00 -2.03644E+00  3.89669E-10  1.86129E-08 -1.50577E-09 -8.46809E-09 -9.57733E-01 -7.07946E-02  9.57733E-01 -7.07949E-02
 1.13723 -2.55859E+00 -2.23581E+00 -2.55811E+00 -2.16719E+00  3.22728E-08 -1.51101E-08 -9.59572E-01 -7.09188E-02  7.72114E-01 -4.45966E-01
 1.14022 -9.61411E-01 -7.10344E-02 -2.55925E+00 -2.14604E+00  2.83657E-08 -5.65261E-09 -2.55584E+00 -2.14772E+00 -7.76529E-01 -4.42268E-01
 1.14321  7.88521E-01 -4.38049E-01 -2.54764E-08 -2.72589E-08 -1.32278E-08  1.99125E-08 -2.51091E+00 -2.10982E+00 -7.80765E-01 -4.38055E-01
 1.14620  2.55954E+00 -2.14626E+00  1.87280E-08 -9.09857E-09 -7.38945E-09  1.92053E-08 -9.65092E-01 -7.12756E-02  7.92283E-01 -4.33985E-01
 1.14919  1.56178E-08  1.99286E-08 -2.57224E+00 -2.14794E+00  4.60933E-08 -7.95372E-09  7.95977E-01 -4.30003E-01  9.66932E-01 -7.13944E-02
 1.15218 -2.52470E+00 -2.10293E+00 -7.99622E-01 -4.26126E-01  8.71344E-09 -2.63009E-08  2.52468E+00 -2.12926E+00  9.68771E-01 -7.15105E-02
 1.15517 -2.58248E+00 -2.19086E+00  9.70611E-01 -7.16270E-02 -1.64165E-09 -2.97110E-08  2.47762E+00 -2.08167E+00  7.98728E-01 -4.23182E-01
 1.15816  2.46597E-08 -1.97275E-08  9.72451E-01 -7.17421E-02  1.50504E-08 -1.81984E-08  7.99172E-01 -4.16421E-01 -7.99172E-01 -4.16421E-01
 1.16115  9.74289E-01 -7.18500E-02 -8.02797E-01 -4.13095E-01  3.39615E-08 -2.09934E-09 -9.74289E-01 -7.18500E-02  8.02796E-01 -4.13094E-01
 1.16414 -8.06912E-01 -4.10131E-01 -2.53862E+00 -2.13836E+00  2.44823E-08 -8.15619E-14 -9.76130E-01 -7.19625E-02  9.76130E-01 -7.19625E-02
 1.16713 -2.54685E+00 -2.16426E+00 -2.59826E+00 -2.24110E+00 -1.33988E-08 -1.19125E-08  8.11451E-01 -4.06271E-01  2.45065E-08  1.71330E-08
 1.17012  3.12007E-08 -1.41569E-08 -9.79810E-01 -7.21757E-02 -2.80938E-08  6.12876E-09  2.58684E+00 -2.19830E+00  9.79810E-01 -7.21757E-02
 1.17311 -3.35190E-08 -4.21939E-09  8.18216E-01 -3.99946E-01 -3.57180E-09  4.39768E-08  2.60821E+00 -2.24904E+00  9.81652E-01 -7.22843E-02
 1.17610 -2.60259E+00 -2.21353E+00  2.60259E+00 -2.21353E+00  8.77589E-09  2.84851E-08  8.21512E-01 -3.96865E-01  1.71064E-09 -1.79152E-08
 1.17909 -2.61697E+00 -2.27600E+00  2.61820E+00 -2.29506E+00  8.97896E-09 -4.03606E-08 -8.24792E-01 -3.93868E-01 -9.85335E-01 -7.24981E-02
 1.18208  7.78096E-09 -4.01915E-08  8.27617E-01 -3.90566E-01  2.00242E-08  2.56670E-08 -2.56546E+00 -2.20635E+00 -8.27279E-01 -3.90768E-01
 1.18507  1.85540E-08  2.65301E-08 -8.27661E-01 -3.85276E-01 -9.87634E-09 -2.39353E-09 -2.63716E+00 -2.30667E+00  8.27895E-01 -3.85186E-01
 1.18806 -2.62439E+00 -2.27478E+00  1.03523E-09 -2.08278E-08  1.23866E-08 -1.81739E-09 -9.90858E-01 -7.28071E-02  8.33148E-01 -3.83457E-01
 1.19105 -9.31588E-09 -2.26653E-08 -2.87771E-09  8.60945E-09  8.36204E-01 -3.80751E-01  9.92700E-01 -7.29094E-02 -8.36202E-01 -3.80754E-01
 1.19404  2.63406E+00 -2.26769E+00 -8.39227E-01 -3.78084E-01 -1.99747E-09 -1.63595E-08  1.10489E-08  1.21968E-08 -9.94542E-01 -7.30097E-02
 1.19703  2.64297E+00 -2.38375E+00  2.39345E-08 -7.88452E-09 -8.42274E-01 -3.75470E-01 -9.96382E-01 -7.31002E-02 -2.48079E-08  7.41135E-09
 1.20002 -6.86928E-09  2.04540E-08  8.45236E-01 -3.72881E-01 -3.12036E-09 -1.83742E-08 -9.98225E-01 -7.31980E-02  9.98225E-01 -7.31980E-02
 1.20301  2.80901E-08 -1.31119E-08 -1.52039E-08 -9.44495E-10  8.48427E-01 -3.70490E-01 -1.00007E+00 -7.33165E-02  1.00007E+00 -7.33164E-02
 1.20600  2.67888E+00 -2.34226E+00 -8.54920E-01 -3.66180E-01  8.35308E-09 -2.67841E-08 -1.00191E+00 -7.34118E-02 -6.76501E-09  2.49440E-08
 1.20899  2.65852E+00 -2.36280E+00 -1.05580E-08 -1.03700E-08 -8.54872E-01 -3.64925E-01 -1.00376E+00 -7.35060E-02 -2.83133E-08  8.69623E-09
 1.21198  3.60427E-09  2.16770E-08  8.55097E-01 -3.60252E-01 -1.00560E+00 -7.35987E-02 -8.55100E-01 -3.60246E-01  1.00560E+00 -7.35987E-02
 1.21497 -1.27013E-08 -4.95014E-09  8.57933E-01 -3.58024E-01 -1.00745E+00 -7.36901E-02 -8.57951E-01 -3.58027E-01  1.00745E+00 -7.36901E-02
 1.21796  2.67424E+00 -2.37685E+00  1.35454E-08  7.64283E-09 -8.60777E-01 -3.55828E-01 -1.00929E+00 -7.37806E-02  4.27832E-09 -1.52362E-08
 1.22095 -1.62548E-08 -7.06421E-09 -8.63589E-01 -3.53646E-01 -1.01114E+00 -7.38699E-02  1.01114E+00 -7.38699E-02  2.65474E-08  5.78233E-09
 1.22394 -2.68291E+00 -2.35524E+00  2.27392E-08  2.11522E-08 -1.01298E+00 -7.39580E-02  2.67774E+00 -2.35601E+00  1.01298E+00 -7.39580E-02
 1.22693 -2.74036E+00 -2.50382E+00  8.70772E-01 -3.47008E-01 -8.69310E-01 -3.49479E-01  2.73808E+00 -2.47402E+00 -1.71111E-08  1.17197E-08
 1.22992  5.71073E-09  1.05625E-08 -1.42154E-08 -6.70580E-09 -8.73468E-01 -3.44951E-01  8.73468E-01 -3.44951E-01 -1.01667E+00 -7.41197E-02
 1.23291  2.35307E-09 -1.83133E-08 -8.76145E-01 -3.42920E-01 -1.01852E+00 -7.42040E-02  7.33140E-09  1.92236E-08  1.01852E+00 -7.42040E-02
 1.23590 -2.72863E+00 -2.42329E+00 -3.33745E-08 -5.82648E-09 -1.02036E+00 -7.42875E-02  8.78807E-01 -3.40913E-01  1.02036E+00 -7.42875E-02
 1.23889 -2.81097E+00 -2.53116E+00  8.81409E-01 -3.38876E-01 -8.81455E-01 -3.38931E-01  2.73680E+00 -2.43095E+00 -1.02221E+00 -7.43698E-02
 1.24188  7.66272E-09 -1.69106E-08 -9.03493E-09  2.54934E-08 -8.84922E-01 -3.36877E-01  2.75952E+00 -2.55395E+00 -1.02406E+00 -7.44510E-02
 1.24487 -4.84246E-08 -1.41230E-09 -8.86113E-01 -3.33953E-01 -1.02590E+00 -7.45310E-02  8.86113E-01 -3.33953E-01  1.02590E+00 -7.45310E-02
 1.24786 -2.77633E+00 -2.52240E+00 -3.83372E-08 -9.64582E-09 -1.02775E+00 -7.46099E-02 -8.88826E-01 -3.32019E-01  8.89168E-01 -3.31640E-01
 1.25085 -2.77053E+00 -2.48957E+00  8.91742E-01 -3.29841E-01 -8.91742E-01 -3.29841E-01 -2.76738E+00 -2.45209E+00 -1.95009E-08 -9.73091E-09
 1.25384  1.62697E-08  1.84006E-08  8.93554E-01 -3.29153E-01 -8.93556E-01 -3.29156E-01 -2.82926E+00 -2.55379E+00 -1.03144E+00 -7.47652E-02
 1.25683  1.36714E-08  1.80662E-08  3.65466E-09 -3.48246E-08 -1.03329E+00 -7.48394E-02 -8.96127E-01 -3.27369E-01  1.03329E+00 -7.48394E-02
 1.25982 -2.78274E+00 -2.49642E+00 -8.98682E-01 -3.25600E-01 -1.03514E+00 -7.49040E-02  1.18352E-08  1.99381E-08  8.98682E-01 -3.25599E-01
 1.26281 -1.27024E-08 -5.53545E-09 -1.03699E+00 -7.49771E-02 -9.01265E-01 -3.23875E-01  9.01265E-01 -3.23875E-01 -2.97657E-09 -2.93825E-08
 1.26580  2.75020E+00 -2.50153E+00 -2.95718E-08  4.36810E-09 -9.03803E-01 -3.22144E-01  4.26818E-09  2.66513E-08 -1.03884E+00 -7.50491E-02
 1.26879  2.83267E+00 -2.57090E+00  1.34038E-08  1.56935E-08 -1.04069E+00 -7.51200E-02 -2.72944E-08 -4.06123E-09 -9.06333E-01 -3.20426E-01
 1.27178  3.64425E-08  1.48714E-08 -1.04254E+00 -7.51926E-02 -9.08850E-01 -3.18733E-01  9.08850E-01 -3.18733E-01 -1.98556E-08 -1.28770E-08
 1.27477 -9.11373E-01 -3.17049E-01  9.11377E-01 -3.17054E-01 -1.04439E+00 -7.52615E-02 -1.14298E-08 -1.23250E-09  1.04439E+00 -7.52615E-02
 1.27776  9.13337E-01 -3.14612E-01  2.80961E+00 -2.53762E+00 -9.13231E-01 -3.14564E-01 -2.63744E-08  1.02769E-08  2.52890E-08  2.91424E-09
 1.28075  2.81188E+00 -2.54392E+00  2.84630E+00 -2.63606E+00 -9.15271E-01 -3.12616E-01  9.15274E-01 -3.12613E-01 -5.46344E-09  2.63770E-08
 1.28374  2.83218E+00 -2.60713E+00  9.17758E-01 -3.11060E-01 -1.04994E+00 -7.54616E-02 -7.09344E-09 -4.04655E-08  1.04994E+00 -7.54616E-02
 1.28673  9.20236E-01 -3.09519E-01 -1.42974E-08  2.33258E-08 -1.05179E+00 -7.55262E-02 -9.20235E-01 -3.09521E-01  1.05179E+00 -7.55263E-02
 1.28972  6.46910E-09  1.70711E-08  9.23058E-01 -3.07600E-01 -9.23058E-01 -3.07600E-01 -1.05364E+00 -7.55897E-02  2.86466E-08  3.33903E-09
 1.29271  9.25481E-01 -3.06069E-01  2.83549E+00 -2.58430E+00 -9.25481E-01 -3.06069E-01 -2.77218E-08 -2.24216E-08 -1.05549E+00 -7.56521E-02
 1.29570  2.85625E+00 -2.63312E+00  2.89794E+00 -2.73002E+00 -1.05734E+00 -7.57033E-02  9.27939E-01 -3.04596E-01 -9.27936E-01 -3.04597E-01
 1.29869  2.91889E+00 -2.77856E+00 -2.43058E-08 -2.39961E-09 -1.05919E+00 -7.57635E-02  2.91969E-08 -1.55908E-08  9.30390E-01 -3.03138E-01
 1.30168  1.06104E+00 -7.58226E-02 -2.40517E-08 -6.62246E-09 -9.32885E-01 -3.01708E-01 -1.06104E+00 -7.58226E-02  9.32885E-01 -3.01708E-01
 1.30467  1.81199E-08  3.47526E-09  2.91158E+00 -2.70728E+00 -9.35325E-01 -3.00275E-01 -1.06290E+00 -7.59024E-02 -1.42664E-08 -3.30033E-09
 1.30766 -9.37759E-01 -2.98855E-01  2.86339E+00 -2.71223E+00 -1.06476E+00 -7.59594E-02  1.02543E-08  2.13388E-08  9.38241E-01 -2.99118E-01
 1.31065  8.74894E-09  1.66951E-08 -1.67885E-10 -8.13274E-09 -1.06661E+00 -7.60154E-02  1.06661E+00 -7.60154E-02  9.40656E-01 -2.97695E-01
 1.31364 -9.63477E-09  2.35675E-08  1.03967E-08 -1.74193E-08 -9.43065E-01 -2.96286E-01  1.06847E+00 -7.60704E-02  9.43065E-01 -2.96287E-01
 1.31663 -9.44752E-01 -2.94046E-01  2.86698E+00 -2.71596E+00  1.69547E-08  9.24112E-09 -1.69910E-08 -8.51198E-09  9.44752E-01 -2.94046E-01
 1.31962 -6.43116E-09 -3.73810E-08  2.93365E+00 -2.80782E+00  9.47104E-01 -2.92664E-01 -9.47121E-01 -2.92661E-01  1.07218E+00 -7.61757E-02
 1.32261  1.60837E-08  1.74297E-08 -3.83296E-08 -1.25431E-08  9.49492E-01 -2.91345E-01 -9.49495E-01 -2.91341E-01  1.07403E+00 -7.62277E-02
 1.32560 -9.51876E-01 -2.90037E-01  9.51876E-01 -2.90037E-01 -2.87331E-08 -9.43876E-09  1.43876E-08 -2.71295E-08  1.07589E+00 -7.62787E-02
 1.32859 -7.62452E-09 -2.69512E-08  2.94556E+00 -2.80860E+00 -9.54268E-01 -2.88727E-01  9.54256E-01 -2.88740E-01  1.07775E+00 -7.63282E-02
 1.33158  1.93527E-08  9.68778E-09  2.94449E+00 -2.75455E+00 -8.38783E-09 -2.78745E-08  9.56762E-01 -2.87293E-01  1.07960E+00 -7.63668E-02
 1.33457 -9.59282E-01 -2.85831E-01  1.08146E+00 -7.64146E-02 -4.54975E-09  2.13705E-09  1.22678E-08 -2.69218E-08  9.59282E-01 -2.85831E-01
 1.33756 -2.64552E-08 -9.62581E-09 -9.61652E-01 -2.84581E-01 -1.08332E+00 -7.64695E-02  1.08332E+00 -7.64695E-02  9.61631E-01 -2.84599E-01
 1.34055  1.34662E-08 -2.15925E-08 -2.95129E+00 -2.73624E+00 -2.44889E-09  1.19946E-08  9.63227E-01 -2.83781E-01  1.08518E+00 -7.65155E-02
 1.34354 -9.65964E-01 -2.83027E-01 -3.01708E+00 -2.89884E+00 -1.12063E-08 -1.90239E-08  9.65963E-01 -2.83026E-01  1.08704E+00 -7.65605E-02
 1.34653 -2.10424E-08  8.36109E-09 -1.08890E+00 -7.66045E-02 -9.68223E-01 -2.81676E-01  1.08890E+00 -7.66045E-02  9.68223E-01 -2.81677E-01
 1.34952  1.37746E-08  7.58679E-09  9.70574E-01 -2.80455E-01 -1.09076E+00 -7.66476E-02  1.09076E+00 -7.66476E-02  5.20096E-09 -1.53977E-08
 1.35251 -9.72921E-01 -2.79243E-01  2.98201E+00 -2.83815E+00 -2.10087E-08  5.71328E-10  9.72921E-01 -2.79243E-01 -1.09262E+00 -7.66898E-02
 1.35550  7.77996E-10 -2.36204E-08  3.02437E+00 -2.90900E+00  9.75266E-01 -2.78043E-01  1.09448E+00 -7.67305E-02 -1.09448E+00 -7.67305E-02
 1.35849  2.78704E-08 -1.47726E-09  1.09634E+00 -7.67707E-02  9.77180E-01 -2.76270E-01 -1.09634E+00 -7.67707E-02 -2.88668E-08  2.30249E-10
 1.36148 -9.79540E-01 -2.75150E-01 -5.77647E-09 -2.79925E-08 -4.28738E-09  2.35569E-08 -3.02884E+00 -2.91446E+00  9.79539E-01 -2.75150E-01
 1.36447  2.89733E-08 -3.72235E-09 -9.81869E-01 -2.74005E-01 -1.10006E+00 -7.68469E-02 -3.02635E+00 -2.89382E+00  9.81869E-01 -2.74005E-01
 1.36746  9.72765E-09  1.85078E-09 -1.10192E+00 -7.68842E-02  9.84194E-01 -2.72870E-01 -9.84194E-01 -2.72870E-01 -1.47162E-09 -3.39803E-08
 1.37045 -9.86517E-01 -2.71745E-01 -1.34777E-09  2.59480E-08  2.97218E+00 -2.84623E+00  9.86517E-01 -2.71745E-01 -1.10379E+00 -7.69104E-02
 1.37344 -2.33484E-08  1.08727E-08  9.88726E-01 -2.70489E-01  3.10373E+00 -3.07722E+00  3.03783E+00 -2.90235E+00 -1.10565E+00 -7.69459E-02
 1.37643  1.86829E-08  5.30998E-09  1.10751E+00 -7.69804E-02  9.91241E-01 -2.69084E-01  3.08012E+00 -2.97441E+00 -2.49149E-08 -1.64759E-09
 1.37942 -9.93555E-01 -2.68006E-01  3.74529E-09  2.46564E-08  1.40937E-08  9.48504E-10  9.93555E-01 -2.68006E-01  1.10938E+00 -7.70141E-02
 1.38241  5.71525E-09 -3.00400E-08 -9.65366E-09  2.60123E-08 -1.11124E+00 -7.70464E-02 -9.95897E-01 -2.66963E-01  1.11124E+00 -7.70464E-02
 1.38540  1.33047E-08  2.02177E-08  1.11311E+00 -7.70784E-02 -1.11311E+00 -7.70784E-02 -3.04835E+00 -2.95199E+00 -1.79701E-08 -1.36581E-08
 1.38839 -1.00072E+00 -2.64978E-01  1.75763E-08 -6.70580E-09 -1.40394E-08  7.54535E-09 -3.09751E+00 -3.05573E+00 -1.11498E+00 -7.71387E-02
 1.39138  1.65655E-08 -1.09429E-08 -1.15074E-08  2.91544E-09  1.00303E+00 -2.63906E-01 -1.00303E+00 -2.63906E-01 -1.11684E+00 -7.71688E-02
 1.39437  1.67564E-08 -1.49905E-08  1.11871E+00 -7.71981E-02  1.00532E+00 -2.62861E-01 -1.00532E+00 -2.62861E-01 -8.58993E-09  1.03293E-08
 1.39736 -1.00762E+00 -2.61823E-01  1.00992E-08  1.85222E-08  5.94652E-10 -1.08569E-08 -3.11217E+00 -3.05623E+00  1.00762E+00 -2.61823E-01
 1.40035  1.24941E-08 -2.59535E-08 -1.34094E-08  2.14509E-08 -1.00966E+00 -2.60423E-01 -3.19095E+00 -3.22886E+00  1.00966E+00 -2.60423E-01
 1.40334  7.81355E-09  2.08164E-08  1.12431E+00 -7.72806E-02 -1.13016E-08 -1.25211E-10 -1.01182E+00 -2.59255E-01  1.01183E+00 -2.59267E-01
 1.40633 -1.01413E+00 -2.58307E-01  4.18646E-09  1.40007E-08  1.01413E+00 -2.58306E-01  3.02211E-08  1.09726E-08  1.12618E+00 -7.73063E-02
 1.40932 -5.23798E-09 -4.69821E-09  1.94513E-08  1.07561E-08  1.12805E+00 -7.73308E-02 -1.01640E+00 -2.57325E-01  1.01640E+00 -2.57325E-01
 1.41231  4.30064E-08 -4.00542E-09  1.12992E+00 -7.73548E-02 -1.01867E+00 -2.56350E-01 -3.06912E+00 -2.98721E+00  1.01867E+00 -2.56350E-01
 1.41530 -1.02095E+00 -2.55383E-01 -2.00377E-08  1.48620E-08 -3.13313E+00 -3.07661E+00 -3.13694E+00 -3.17050E+00  1.13179E+00 -7.73766E-02
 1.41829 -1.75167E-09 -2.83298E-08  1.58842E-08  2.59340E-08 -3.20613E+00 -3.23124E+00 -1.13366E+00 -7.73988E-02  1.13366E+00 -7.73994E-02
 1.42128  1.94465E-08  1.63752E-08  1.13553E+00 -7.74412E-02 -1.13553E+00 -7.74412E-02  1.02549E+00 -2.53452E-01 -1.51941E-08  1.74739E-08
 1.42427 -1.02791E+00 -2.52247E-01  1.22695E-08 -2.01293E-08  1.02791E+00 -2.52246E-01  3.15094E+00 -3.21051E+00 -1.13740E+00 -7.74619E-02
 1.42726 -2.07597E-08 -7.11738E-09  4.22080E-10  3.13078E-08  3.14744E+00 -3.11936E+00  3.16951E+00 -3.17349E+00 -1.03018E+00 -2.51326E-01
 1.43025  2.10954E-08  9.73619E-09  1.14115E+00 -7.75010E-02  3.28092E+00 -3.37265E+00  1.03247E+00 -2.50423E-01 -1.27536E-08 -5.33519E-09
 1.43324 -1.03473E+00 -2.49507E-01  1.38750E-08 -3.86963E-09  1.14302E+00 -7.75194E-02  1.03474E+00 -2.49504E-01 -1.37597E-08  3.35721E-09
 1.43623 -2.90892E-08  1.93396E-08  2.15295E-08 -1.49206E-08 -1.03687E+00 -2.48420E-01  3.16906E+00 -3.18457E+00 -1.14490E+00 -7.75369E-02
 1.43922  8.16124E-09  5.88973E-09  1.14677E+00 -7.75528E-02 -3.22321E+00 -3.26191E+00  3.22508E+00 -3.36381E+00 -1.03886E+00 -2.48211E-01
 1.44221 -1.04111E+00 -2.47306E-01  2.71579E-08  8.60185E-09 -3.11432E+00 -3.09205E+00  1.14865E+00 -7.75687E-02 -2.63509E-08 -6.29729E-09
 1.44520 -8.94636E-09 -1.24713E-08  5.94348E-09  1.01590E-08 -1.15052E+00 -7.75838E-02 -1.04336E+00 -2.46410E-01  1.15052E+00 -7.75838E-02
 1.44819  3.76635E-09 -1.78018E-08  1.15240E+00 -7.75981E-02 -4.86381E-09  1.26501E-08 -3.23020E+00 -3.36066E+00  1.04547E+00 -2.45301E-01
 1.45118 -1.04771E+00 -2.44425E-01  1.11919E-08 -4.33470E-10  1.04771E+00 -2.44426E-01 -3.23216E+00 -3.33321E+00  1.26301E-09 -2.20329E-08
 1.45417  1.41451E-08 -2.37953E-08  1.36076E-08  1.26248E-08  1.04998E+00 -2.43564E-01 -1.04998E+00 -2.43564E-01 -1.15615E+00 -7.76146E-02
 1.45716  1.75290E-08 -2.00273E-08  1.15803E+00 -7.76265E-02 -2.25785E-08  1.87744E-08  1.05222E+00 -2.42699E-01 -1.15803E+00 -7.76264E-02
 1.46015 -1.05445E+00 -2.41839E-01  1.63424E-08  7.70082E-09 -1.15991E+00 -7.76377E-02  3.24175E+00 -3.24002E+00 -2.16188E-08 -1.27554E-08
 1.46314 -1.50563E-08 -2.32544E-09  6.27997E-09  1.60217E-09 -1.16179E+00 -7.76482E-02  3.24487E+00 -3.30757E+00  1.05669E+00 -2.40986E-01
 1.46613  1.28055E-08 -1.40629E-08  1.16367E+00 -7.76579E-02 -2.53021E-08  2.84300E-08  1.05892E+00 -2.40140E-01 -1.05892E+00 -2.40140E-01
 1.46912 -1.06104E+00 -2.39126E-01  1.64509E-08  4.03845E-09  1.06104E+00 -2.39126E-01 -1.01606E-08 -8.91568E-09 -1.16555E+00 -7.76670E-02
 1.47211  1.77727E-08  1.91935E-08 -1.93461E-08 -1.87044E-08  1.16744E+00 -7.76751E-02 -1.16743E+00 -7.76739E-02  1.06327E+00 -2.38300E-01
 1.47510  8.49028E-09 -1.74711E-08  1.16931E+00 -7.76816E-02 -3.37321E-09  1.78468E-08 -1.16931E+00 -7.76816E-02  1.06561E+00 -2.37254E-01
 1.47809 -1.06785E+00 -2.36479E-01  1.62620E-09  2.00247E-08 -2.48997E-08 -9.91067E-10  1.17120E+00 -7.76885E-02 -1.17120E+00 -7.76885E-02
 1.48108  1.70672E-08  9.61667E-09  2.11884E-08 -9.88240E-09  1.17308E+00 -7.76948E-02 -1.17308E+00 -7.76948E-02 -1.07016E+00 -2.35736E-01
 1.48407  1.19010E-08 -4.19921E-09  1.17496E+00 -7.77004E-02  1.07238E+00 -2.34935E-01 -3.19341E+00 -3.25299E+00 -8.36628E-09 -1.30391E-08
 1.48706 -1.07462E+00 -2.34122E-01  5.73532E-09  2.36566E-08 -1.47866E-08 -8.45316E-09 -3.33517E+00 -3.52912E+00  1.07462E+00 -2.34119E-01
 1.49005 -6.55322E-09 -1.54698E-08 -1.84271E-08  7.89252E-09 -1.07684E+00 -2.33329E-01 -1.17873E+00 -7.77206E-02  1.17873E+00 -7.77206E-02
 1.49304  3.15757E-08 -2.57857E-08  1.18062E+00 -7.77243E-02 -1.18062E+00 -7.77242E-02 -2.61724E-08  1.79592E-08  1.07906E+00 -2.32544E-01
 1.49603 -1.08121E+00 -2.31653E-01 -1.95499E-08  1.99466E-08 -1.34081E-09 -1.58480E-08  1.18250E+00 -7.77271E-02  1.08121E+00 -2.31653E-01
 1.49902 -1.55594E-08 -1.52813E-08  9.48710E-09  2.14905E-08  1.18439E+00 -7.77204E-02  1.08343E+00 -2.30880E-01 -1.08343E+00 -2.30880E-01
 1.50201 -2.15781E-09 -1.74804E-08  1.18627E+00 -7.77207E-02 -2.75095E-08  1.05962E-08 -1.08554E+00 -2.29941E-01 -1.18627E+00 -7.77207E-02
 1.50500 -1.08776E+00 -2.29208E-01  1.73644E-08  1.24049E-08  1.08776E+00 -2.29207E-01 -1.18816E+00 -7.77215E-02  1.18816E+00 -7.77215E-02
 1.50799  1.57178E-08 -2.00629E-08 -3.17789E-09  2.37591E-08  1.19005E+00 -7.77216E-02  1.08997E+00 -2.28462E-01 -1.08997E+00 -2.28462E-01
 1.51098  8.44767E-09 -3.51123E-08  1.19194E+00 -7.77211E-02 -1.13317E-08  1.85271E-08  3.35274E+00 -3.46470E+00 -1.19194E+00 -7.77211E-02
 1.51397 -1.09438E+00 -2.26980E-01  1.89364E-08  1.28237E-08  1.05729E-08 -2.26281E-08  3.36424E+00 -3.59385E+00  1.19382E+00 -7.77200E-02
 1.51696  3.78725E-09 -6.86312E-09 -2.21264E-08  8.50600E-09  1.19571E+00 -7.77181E-02  1.09658E+00 -2.26247E-01 -1.09658E+00 -2.26247E-01
 1.51995  2.63400E-08 -2.45399E-08  1.19760E+00 -7.77157E-02 -1.09878E+00 -2.25517E-01 -7.03601E-09 -2.61387E-10 -1.19760E+00 -7.77157E-02
 1.52294 -1.10100E+00 -2.24771E-01  1.89891E-08 -5.40813E-09 -3.36530E+00 -3.51036E+00 -1.19949E+00 -7.77127E-02  1.19949E+00 -7.77127E-02
 1.52593 -9.63813E-09 -1.92324E-08  1.51098E-08  2.59895E-08 -3.44083E+00 -3.65248E+00 -1.10320E+00 -2.24052E-01  1.10320E+00 -2.24052E-01
 1.52892  1.13903E-08 -3.54206E-08  1.20328E+00 -7.77045E-02 -1.20328E+00 -7.77045E-02 -4.40284E-09  6.96847E-09 -1.10548E+00 -2.23161E-01
 1.53191 -1.10770E+00 -2.22475E-01  2.46428E-08  3.81493E-09  1.10770E+00 -2.22474E-01  1.20517E+00 -7.76997E-02 -1.20517E+00 -7.76997E-02
 1.53490 -7.57078E-09  2.30727E-08 -5.45658E-09  4.11938E-10  3.52487E+00 -4.01920E+00  1.20706E+00 -7.76943E-02  1.10990E+00 -2.21774E-01
 1.53789  1.15086E-08 -2.27296E-08  1.20895E+00 -7.76871E-02  3.52384E+00 -3.90814E+00 -2.32833E-08  5.92017E-09  1.11201E+00 -2.20902E-01
 1.54088 -1.11420E+00 -2.20217E-01  9.66719E-09  3.08812E-08  1.21085E+00 -7.76804E-02 -6.80812E-09 -2.82874E-08 -1.21085E+00 -7.76804E-02
 1.54387  2.55463E-08 -1.00058E-08 -2.67716E-08  5.45984E-09 -1.11639E+00 -2.19536E-01  1.21274E+00 -7.76731E-02 -1.21274E+00 -7.76731E-02
 1.54686  2.59775E-08  2.60970E-08  1.21463E+00 -7.76572E-02 -3.41192E+00 -3.66022E+00 -1.11842E+00 -2.19353E-01  1.11842E+00 -2.19353E-01
 1.54985 -1.12061E+00 -2.18673E-01  1.51066E-08  3.12244E-08 -3.61139E+00 -4.02657E+00  1.12061E+00 -2.18672E-01  1.21653E+00 -7.76487E-02
 1.55284 -2.42197E-08 -2.12112E-08  4.56905E-09  1.68789E-08 -1.12277E+00 -2.17955E-01  3.39791E+00 -3.63445E+00 -1.21843E+00 -7.76396E-02
 1.55583  6.37011E-09 -2.48051E-08  1.22033E+00 -7.76300E-02 -1.12496E+00 -2.17282E-01  3.54205E+00 -3.91077E+00  5.58301E-09  4.17757E-09
 1.55882 -1.12714E+00 -2.16613E-01  3.06823E-08 -2.33492E-08 -3.61655E+00 -4.02140E+00  1.12714E+00 -2.16613E-01 -1.04511E-08  1.97941E-08
 1.56181  3.82808E-09 -1.86316E-08 -2.39320E-08  1.02715E-08  1.22412E+00 -7.76257E-02 -1.12934E+00 -2.15942E-01 -1.22412E+00 -7.76257E-02
 1.56480 -2.22907E-08 -1.61978E-08  1.22602E+00 -7.76139E-02  3.48131E+00 -3.67620E+00 -3.48135E+00 -3.77915E+00 -1.13153E+00 -2.15281E-01
 1.56779 -1.13371E+00 -2.14624E-01  1.12013E-09  3.52854E-08  3.48205E+00 -3.68544E+00 -3.55738E+00 -3.97747E+00  1.25216E-08 -1.92250E-08
 1.57078  5.72880E-09 -1.76728E-08 -1.63399E-08  1.78224E-08  1.22982E+00 -7.75884E-02 -1.22982E+00 -7.75884E-02  1.13589E+00 -2.13971E-01
 1.57377  1.52132E-08 -3.05440E-08  1.23172E+00 -7.75756E-02 -1.13807E+00 -2.13324E-01 -1.67045E-08  2.78307E-08  1.13807E+00 -2.13324E-01
 1.57676 -1.14016E+00 -2.12520E-01  1.76458E-08 -2.20101E-09 -3.56333E+00 -4.03264E+00 -1.23363E+00 -7.75733E-02 -2.42033E-09  2.32615E-08
 1.57975  9.67006E-09  1.77703E-08 -2.18147E-08 -2.15565E-09 -3.64160E+00 -4.09560E+00 -1.14234E+00 -2.11879E-01 -1.23553E+00 -7.75595E-02
 1.58274  1.45827E-08 -1.03386E-08  1.23743E+00 -7.75451E-02 -1.14451E+00 -2.11249E-01 -1.91081E-08 -1.97813E-08 -1.23743E+00 -7.75451E-02
 1.58573 -1.14668E+00 -2.10615E-01  1.89263E-08 -1.85899E-08  1.14668E+00 -2.10622E-01  1.23934E+00 -7.75302E-02  1.85627E-08  1.18708E-08
 1.58872 -3.15984E-08 -5.99953E-09 -1.45865E-08  9.55021E-09  3.50148E+00 -3.82100E+00  1.24124E+00 -7.75147E-02  1.14892E+00 -2.09872E-01
 1.59171  1.32343E-08 -3.12210E-08  1.24314E+00 -7.74987E-02  3.65487E+00 -4.31623E+00 -1.09429E-08  3.03759E-08  1.15112E+00 -2.09284E-01
 1.59470 -1.15330E+00 -2.08671E-01 -1.58962E-08  9.47270E-09  3.10574E-08 -1.26668E-08  1.15330E+00 -2.08671E-01  1.24505E+00 -7.74822E-02
 1.59769 -1.79119E-08 -1.72734E-08 -5.58718E-09  1.47254E-08 -1.24695E+00 -7.74659E-02  1.15547E+00 -2.08064E-01  1.24695E+00 -7.74659E-02
 1.60068 -1.74645E-08 -1.29224E-08  1.24886E+00 -7.74412E-02  1.15766E+00 -2.07434E-01  1.67980E-08 -5.13408E-09 -1.15766E+00 -2.07434E-01
 1.60367 -1.15983E+00 -2.06832E-01  4.16863E-08  2.25369E-09  1.25076E+00 -7.74231E-02 -1.25077E+00 -7.74230E-02 -1.99293E-08  2.54390E-10
 1.60666 -2.04767E-08 -2.43137E-08  2.10361E-08  1.60062E-09 -1.25267E+00 -7.74044E-02 -1.16200E+00 -2.06233E-01  1.25267E+00 -7.74044E-02
 1.60965  2.11287E-08  4.45857E-09  1.25458E+00 -7.73833E-02 -9.61709E-09  1.33642E-08 -1.16417E+00 -2.05641E-01  1.16417E+00 -2.05641E-01
 1.61264 -1.16634E+00 -2.05049E-01  1.83734E-08 -1.33529E-08 -1.96147E-08  1.13817E-08 -1.25649E+00 -7.73637E-02  1.16634E+00 -2.05048E-01
 1.61563 -1.34399E-09 -5.93163E-09 -1.36163E-08  1.78590E-08 -1.25840E+00 -7.73437E-02 -1.16844E+00 -2.04304E-01  1.25840E+00 -7.73437E-02
 1.61862  1.43222E-08 -2.39271E-08  1.26031E+00 -7.73232E-02 -1.61480E-08  1.98502E-08 -1.17061E+00 -2.03734E-01  1.17060E+00 -2.03726E-01
 1.62161 -1.17277E+00 -2.03162E-01  1.28265E-08  2.13895E-08  2.08694E-08 -2.12006E-08 -1.26222E+00 -7.73023E-02  1.17277E+00 -2.03162E-01
 1.62460 -2.00918E-08  1.14796E-08 -4.68218E-09  1.62651E-08 -1.26413E+00 -7.72810E-02 -1.17493E+00 -2.02589E-01  1.26413E+00 -7.72810E-02
 1.62759 -3.69350E-08 -3.63567E-10  1.26604E+00 -7.72592E-02  2.64825E-08  6.03215E-09 -1.17709E+00 -2.02019E-01  1.17709E+00 -2.02019E-01
 1.63058 -1.17925E+00 -2.01453E-01  1.57370E-08  2.40447E-08  3.01923E-09 -6.32460E-09 -1.26795E+00 -7.72369E-02  1.17925E+00 -2.01453E-01
 1.63357 -4.27428E-08  1.16053E-08  8.57684E-09  4.55996E-09 -1.26987E+00 -7.72142E-02 -1.18141E+00 -2.00889E-01  1.26987E+00 -7.72142E-02
 1.63656 -8.28160E-09 -3.35942E-08  1.27178E+00 -7.71911E-02  3.19686E-08 -5.48699E-09 -1.18357E+00 -2.00329E-01  1.18357E+00 -2.00329E-01
 1.63955 -1.18573E+00 -1.99770E-01  2.44672E-08 -1.47190E-08 -2.50965E-08  1.84164E-08 -1.27369E+00 -7.71675E-02  1.18573E+00 -1.99770E-01
 1.64254 -2.07780E-08  2.57615E-09  4.23950E-09  5.71514E-09 -1.27561E+00 -7.71435E-02 -1.18790E+00 -1.99192E-01  1.27561E+00 -7.71435E-02
 1.64553 -1.14205E-08 -1.25120E-08  1.27752E+00 -7.71190E-02  1.16167E-08  4.81705E-09 -1.19006E+00 -1.98642E-01  1.19006E+00 -1.98642E-01
 1.64852 -1.19226E+00 -1.97988E-01  2.15627E-08 -1.87031E-08 -1.24689E-09  9.61779E-09 -1.27944E+00 -7.70926E-02  1.19226E+00 -1.97988E-01
 1.65151  1.41381E-08  2.77832E-08 -3.16507E-09 -1.83434E-08 -1.28135E+00 -7.70673E-02 -1.19443E+00 -1.97451E-01  1.28135E+00 -7.70673E-02
 1.65450 -9.11231E-09 -1.06362E-08  1.28327E+00 -7.70410E-02 -3.79442E-09 -2.92817E-08 -1.19659E+00 -1.96912E-01  1.19659E+00 -1.96912E-01
 1.65749 -1.19875E+00 -1.96375E-01  1.87346E-08 -1.67913E-08 -2.53549E-09  1.05282E-08 -1.28518E+00 -7.70089E-02  1.19875E+00 -1.96375E-01
 1.66048 -2.82915E-08 -7.99825E-09  9.71054E-09 -3.12338E-08 -1.28710E+00 -7.69824E-02 -1.20084E+00 -1.95707E-01  1.28710E+00 -7.69824E-02
 1.66347 -9.30004E-10 -2.23247E-08  1.28902E+00 -7.69555E-02  1.34372E-09  1.67307E-08 -1.20300E+00 -1.95183E-01  1.20300E+00 -1.95183E-01
 1.66646 -1.20515E+00 -1.94661E-01  3.98262E-08  1.95770E-08 -1.32321E-08 -3.82876E-09 -1.29094E+00 -7.69282E-02  1.20515E+00 -1.94661E-01
 1.66945  2.32973E-08 -8.90079E-09 -4.30788E-08  1.70824E-08 -1.29286E+00 -7.69021E-02 -1.20721E+00 -1.94480E-01  1.29286E+00 -7.69021E-02
 1.67244  2.50353E-08 -7.32354E-09  1.29478E+00 -7.68740E-02 -1.44883E-08  6.52329E-09 -1.20936E+00 -1.93960E-01  1.20936E+00 -1.93961E-01
 1.67543 -1.21152E+00 -1.93467E-01  1.61937E-08 -2.29538E-08 -1.62614E-08  2.39059E-08 -1.29670E+00 -7.68456E-02  1.21152E+00 -1.93466E-01
 1.67842  1.60215E-08 -1.85310E-08  2.69739E-09  2.14880E-08 -1.29863E+00 -7.68270E-02 -1.21366E+00 -1.92949E-01  1.29863E+00 -7.68270E-02
 1.68141 -1.91214E-08 -2.23654E-08  1.30055E+00 -7.67979E-02  1.72385E-08  2.49424E-08 -1.21581E+00 -1.92434E-01  1.21581E+00 -1.92433E-01
 1.68440 -1.21796E+00 -1.91921E-01 -1.19725E-08  2.24123E-08 -5.95521E-09 -2.70497E-08 -1.30247E+00 -7.67685E-02  1.21796E+00 -1.91921E-01
 1.68739 -1.31194E-08  1.19820E-08 -1.61776E-08 -2.50792E-08 -1.30439E+00 -7.67371E-02 -1.22012E+00 -1.91387E-01  1.30439E+00 -7.67371E-02
 1.69038  5.45825E-09 -2.38864E-08  1.30632E+00 -7.67068E-02 -1.79833E-08  2.97817E-09 -1.22226E+00 -1.90880E-01  1.22226E+00 -1.90880E-01
 1.69337 -1.22441E+00 -1.90376E-01  2.67824E-08 -8.58045E-09 -2.23025E-08  7.41183E-09 -1.30824E+00 -7.66763E-02  1.22441E+00 -1.90376E-01
 1.69636 -3.73666E-08  1.17545E-09  1.41518E-08 -7.09680E-09 -1.31017E+00 -7.66453E-02 -1.22656E+00 -1.89875E-01  1.31017E+00 -7.66453E-02
 1.69935 -2.64144E-08 -8.53297E-09  1.31209E+00 -7.66140E-02  2.30291E-08 -1.75950E-08 -1.22871E+00 -1.89380E-01  1.22871E+00 -1.89380E-01
 1.70234 -1.23080E+00 -1.88762E-01  2.06987E-08  9.13656E-09 -1.57783E-08  6.79478E-09 -1.31402E+00 -7.65817E-02  1.23080E+00 -1.88759E-01
 1.70533  6.98722E-09 -9.48947E-09 -2.74999E-10 -4.49696E-10 -1.31594E+00 -7.65497E-02 -1.23294E+00 -1.88269E-01  1.31594E+00 -7.65497E-02
 1.70832 -1.39862E-09 -1.69207E-08  1.31787E+00 -7.65174E-02  4.97799E-11  1.48108E-08 -1.23508E+00 -1.87782E-01  1.23508E+00 -1.87782E-01
 1.71131 -1.23722E+00 -1.87297E-01  2.71971E-08 -6.15682E-09 -3.57505E-08 -3.02865E-08 -1.31980E+00 -7.64848E-02  1.23722E+00 -1.87299E-01
 1.71430  2.89785E-08  2.37420E-09 -9.25095E-09 -2.18085E-08 -1.32172E+00 -7.64519E-02 -1.23939E+00 -1.86735E-01  1.32172E+00 -7.64519E-02
 1.71729 -4.28579E-08 -1.19128E-08  1.32365E+00 -7.64138E-02  2.01348E-08 -1.65673E-08 -1.24153E+00 -1.86258E-01  1.24153E+00 -1.86254E-01
 1.72028 -1.24367E+00 -1.85780E-01  2.86361E-08  1.37109E-08 -1.91007E-08 -1.55440E-09 -1.32558E+00 -7.63924E-02  1.24367E+00 -1.85781E-01
 1.72327  3.77334E-09 -1.51223E-08 -1.15758E-08  2.20800E-08 -1.32751E+00 -7.63583E-02 -1.24582E+00 -1.85321E-01  1.32751E+00 -7.63583E-02
 1.72626 -9.49963E-09 -1.91980E-08  1.32944E+00 -7.63240E-02 -7.13145E-09  2.70958E-08 -1.24796E+00 -1.84851E-01  1.24796E+00 -1.84851E-01
 1.72925 -1.25010E+00 -1.84387E-01  1.98172E-08  3.48661E-08 -1.00164E-08 -1.63906E-08 -1.33137E+00 -7.62893E-02  1.25010E+00 -1.84388E-01
 1.73224 -1.99884E-08  1.06206E-08  1.91947E-08  1.24624E-08 -1.33330E+00 -7.62526E-02 -1.25226E+00 -1.83897E-01  1.33330E+00 -7.62526E-02
 1.73523 -2.05218E-08  5.04000E-09  1.33524E+00 -7.62173E-02  1.39809E-08 -1.52677E-09 -1.25440E+00 -1.83435E-01  1.25440E+00 -1.83435E-01
 1.73822 -1.25654E+00 -1.82975E-01  2.42955E-08 -7.14135E-09 -2.45266E-08  7.30415E-09 -1.33717E+00 -7.61816E-02  1.25654E+00 -1.82975E-01
 1.74121  1.40609E-09 -1.62441E-08 -8.59002E-09  1.17006E-08 -1.33910E+00 -7.61457E-02 -1.25868E+00 -1.82516E-01  1.33910E+00 -7.61457E-02
 1.74420 -1.38919E-08 -9.92804E-09  1.34104E+00 -7.61117E-02  1.66713E-08  7.22181E-09 -1.26083E+00 -1.82096E-01  1.26083E+00 -1.82096E-01
 1.74719 -1.26297E+00 -1.81641E-01  2.65406E-08  1.05830E-08 -2.89194E-08 -8.85815E-09 -1.34297E+00 -7.60752E-02  1.26297E+00 -1.81640E-01
 1.75018 -4.87789E-09 -2.13582E-08 -2.89715E-08  1.41616E-08 -1.34491E+00 -7.60384E-02 -1.26507E+00 -1.81083E-01  1.34491E+00 -7.60384E-02
 1.75317 -1.83403E-08  1.52274E-08  1.34684E+00 -7.60006E-02  8.12394E-09  9.10807E-10 -1.26720E+00 -1.80630E-01  1.26720E+00 -1.80630E-01
 1.75616 -1.26934E+00 -1.80190E-01  1.96165E-08  1.29440E-08  1.53106E-08 -3.37320E-08 -1.34878E+00 -7.59633E-02  1.26934E+00 -1.80191E-01
 1.75915 -3.55003E-09 -3.91933E-08 -1.31027E-08  7.54785E-09 -1.35072E+00 -7.59258E-02 -1.27147E+00 -1.79749E-01  1.35072E+00 -7.59258E-02
 1.76214 -2.71176E-08  9.07628E-09  1.35265E+00 -7.58880E-02  3.53791E-08 -6.80739E-09 -1.27361E+00 -1.79310E-01  1.27361E+00 -1.79310E-01
 1.76513 -1.27574E+00 -1.78873E-01  1.26417E-08 -3.19063E-08 -6.35732E-09  4.00909E-08 -1.35459E+00 -7.58499E-02  1.27574E+00 -1.78873E-01
 1.76812  2.06235E-08  5.83422E-09 -3.10646E-08  1.16711E-08 -1.35653E+00 -7.58115E-02 -1.27787E+00 -1.78438E-01  1.35653E+00 -7.58115E-02
 1.77111 -2.36373E-08 -7.90536E-09  1.35847E+00 -7.57728E-02  1.07561E-08  1.53288E-08 -1.28001E+00 -1.78004E-01  1.28001E+00 -1.78004E-01
 1.77410 -1.28214E+00 -1.77573E-01  2.74160E-08  1.32320E-08 -2.17749E-08 -6.88433E-09 -1.36041E+00 -7.57338E-02  1.28214E+00 -1.77573E-01
 1.77709 -6.64014E-09 -1.91429E-08 -2.81748E-09  1.84464E-08 -1.36235E+00 -7.56929E-02 -1.28427E+00 -1.77143E-01  1.36235E+00 -7.56929E-02
 1.78008 -2.92486E-08 -2.14936E-08  1.36429E+00 -7.56534E-02  2.16337E-08  8.21900E-09 -1.28642E+00 -1.76691E-01  1.28642E+00 -1.76691E-01
 1.78307 -1.28855E+00 -1.76267E-01  3.87187E-09 -2.20742E-08 -4.54464E-09  1.45664E-08 -1.36623E+00 -7.56099E-02  1.28855E+00 -1.76268E-01
 1.78606  1.82039E-08 -1.52822E-08 -1.43187E-08  1.59041E-08 -1.36817E+00 -7.55703E-02 -1.29070E+00 -1.75793E-01  1.36817E+00 -7.55699E-02
 1.78905 -1.01469E-08  2.97577E-08  1.37011E+00 -7.55297E-02  4.61488E-09 -3.00527E-08 -1.29284E+00 -1.75374E-01  1.29284E+00 -1.75374E-01
 1.79204 -1.29497E+00 -1.74946E-01 -2.32216E-08  2.44936E-08  1.15664E-08 -8.60447E-09 -1.37206E+00 -7.54892E-02  1.29497E+00 -1.74946E-01
 1.79503  2.82484E-08  5.17805E-09 -1.66019E-08 -2.08821E-08 -1.37400E+00 -7.54571E-02 -1.29710E+00 -1.74531E-01  1.37400E+00 -7.54572E-02
 1.79802 -2.46253E-08 -1.17045E-08  1.37595E+00 -7.54163E-02  2.91649E-08 -2.41169E-08 -1.29924E+00 -1.74119E-01  1.29924E+00 -1.74119E-01
 1.80101 -1.30134E+00 -1.73622E-01 -4.30346E-09  3.33701E-08 -6.76875E-09 -3.21211E-08 -1.37789E+00 -7.53752E-02  1.30134E+00 -1.73621E-01
 1.80400  1.51798E-08 -3.83110E-08  8.60500E-09  4.88082E-09 -1.37984E+00 -7.53338E-02 -1.30347E+00 -1.73216E-01  1.37984E+00 -7.53338E-02
 1.80699 -3.17184E-08 -6.30220E-10  1.38178E+00 -7.52915E-02  1.92016E-08 -2.04761E-08 -1.30559E+00 -1.72813E-01  1.30559E+00 -1.72813E-01
 1.80998 -1.30767E+00 -1.72632E-01 -4.01071E-09 -2.14797E-08  8.17012E-09  8.27587E-09 -1.38373E+00 -7.52497E-02  1.30767E+00 -1.72632E-01
 1.81297 -8.47268E-09 -1.45727E-08 -4.37667E-09  1.82523E-08 -1.38567E+00 -7.52077E-02 -1.30980E+00 -1.72226E-01  1.38567E+00 -7.52077E-02
 1.81596 -2.32525E-08 -1.83973E-08  1.38762E+00 -7.51656E-02  3.20109E-08  1.04024E-08 -1.31192E+00 -1.71829E-01  1.31192E+00 -1.71829E-01
 1.81895 -1.31406E+00 -1.71465E-01  9.33541E-09  9.09891E-09 -1.80987E-08  3.90741E-09 -1.38957E+00 -7.51232E-02  1.31406E+00 -1.71467E-01
 1.82194 -2.01848E-08 -3.75812E-10  2.04846E-08  2.18016E-08 -1.39151E+00 -7.50806E-02 -1.31619E+00 -1.71066E-01  1.39151E+00 -7.50806E-02
 1.82493 -1.69933E-08 -1.23423E-08  1.39346E+00 -7.50360E-02 -8.37869E-09  1.52828E-08 -1.31831E+00 -1.70669E-01  1.31831E+00 -1.70669E-01
 1.82792 -1.32044E+00 -1.70273E-01  4.47807E-09  1.40657E-08 -7.44970E-09 -1.69761E-08 -1.39541E+00 -7.49929E-02  1.32044E+00 -1.70273E-01
 1.83091 -8.39606E-09 -1.17336E-08  2.85529E-09  1.41514E-08 -1.39736E+00 -7.49523E-02 -1.32257E+00 -1.69841E-01  1.39736E+00 -7.49523E-02
 1.83390 -3.21429E-08 -1.59680E-08  1.39931E+00 -7.49088E-02  1.40241E-08 -2.34647E-08 -1.32469E+00 -1.69450E-01  1.32469E+00 -1.69450E-01
 1.83689 -1.32682E+00 -1.69062E-01  1.66855E-08 -1.96620E-08 -1.61152E-08  1.99245E-08 -1.40126E+00 -7.48650E-02  1.32682E+00 -1.69062E-01
 1.83988  3.12355E-08 -2.54159E-09 -3.07548E-08  1.19287E-08 -1.40321E+00 -7.48211E-02 -1.32894E+00 -1.68675E-01  1.40321E+00 -7.48211E-02
 1.84287 -3.76999E-08 -2.77489E-08  1.40516E+00 -7.47770E-02  1.09208E-08 -1.94536E-08 -1.33107E+00 -1.68289E-01  1.33107E+00 -1.68289E-01
 1.84586 -1.33319E+00 -1.67906E-01  3.69940E-08  5.75400E-09 -2.35697E-08  5.41512E-09 -1.40711E+00 -7.47327E-02  1.33319E+00 -1.67906E-01
 1.84885 -3.54141E-08  6.07710E-09  2.41194E-08 -1.11380E-09 -1.40907E+00 -7.46880E-02 -1.33532E+00 -1.67528E-01  1.40907E+00 -7.46880E-02
 1.85184 -2.44413E-08  1.77635E-08  1.41102E+00 -7.46407E-02  2.48680E-08 -1.75914E-08 -1.33745E+00 -1.67145E-01  1.33745E+00 -1.67148E-01
 1.85483 -1.33954E+00 -1.66698E-01  9.46857E-09  2.32467E-08 -1.00344E-08 -2.81851E-08 -1.41297E+00 -7.45958E-02  1.33955E+00 -1.66697E-01
 1.85782 -1.26993E-08 -1.14823E-08 -1.04625E-08 -8.90938E-11 -1.41493E+00 -7.45507E-02 -1.34167E+00 -1.66323E-01  1.41493E+00 -7.45507E-02
 1.86081 -1.78732E-08  1.64814E-08  1.41688E+00 -7.45054E-02 -2.05923E-08 -3.07996E-08 -1.34379E+00 -1.65951E-01  1.34379E+00 -1.65951E-01
 1.86380 -1.34592E+00 -1.65542E-01  2.67797E-08  2.10395E-08 -2.75474E-08 -2.79484E-09 -1.41884E+00 -7.44591E-02  1.34592E+00 -1.65545E-01
 1.86679  1.85228E-08 -7.86754E-09 -2.05078E-08  1.46359E-08 -1.42079E+00 -7.44136E-02 -1.34804E+00 -1.65173E-01  1.42079E+00 -7.44136E-02
 1.86978 -5.62293E-09  2.54467E-08  1.42275E+00 -7.43678E-02  1.02600E-08 -2.57591E-08 -1.35016E+00 -1.64789E-01  1.35016E+00 -1.64789E-01
 1.87277 -1.35228E+00 -1.64424E-01 -1.20573E-09 -3.21703E-08  4.03538E-09  1.04138E-08 -1.42470E+00 -7.43219E-02  1.35228E+00 -1.64424E-01
 1.87576  3.21704E-09 -3.56293E-08 -1.01341E-08 -1.08420E-09 -1.42666E+00 -7.42741E-02 -1.35440E+00 -1.64061E-01  1.42666E+00 -7.42741E-02
 1.87875 -1.90293E-08  9.39984E-09  1.42862E+00 -7.42278E-02 -1.73007E-08 -3.24427E-08 -1.35652E+00 -1.63707E-01  1.35652E+00 -1.63707E-01
 1.88174 -1.35865E+00 -1.63351E-01  3.24215E-08  3.44166E-09 -3.41362E-08 -3.59034E-09 -1.43058E+00 -7.41814E-02  1.35865E+00 -1.63351E-01
 1.88473 -7.16383E-09 -2.66872E-08 -1.04202E-08  1.74066E-08 -1.43254E+00 -7.41348E-02 -1.36078E+00 -1.62969E-01  1.43254E+00 -7.41348E-02
 1.88772  2.49925E-08  1.54429E-08  1.43449E+00 -7.40880E-02 -2.80327E-08 -1.03656E-08 -1.36290E+00 -1.62613E-01  1.36290E+00 -1.62613E-01
 1.89071 -1.36502E+00 -1.62258E-01  1.50469E-08 -3.23518E-08 -2.07435E-08  2.03271E-08 -1.43645E+00 -7.40411E-02  1.36502E+00 -1.62258E-01
 1.89370  1.26383E-08 -2.80342E-09 -1.68255E-08 -2.11081E-08 -1.43841E+00 -7.39941E-02 -1.36714E+00 -1.61903E-01  1.43841E+00 -7.39941E-02
 1.89669 -4.54346E-09  2.08581E-08  1.44037E+00 -7.39470E-02  3.00348E-10 -1.59994E-08 -1.36926E+00 -1.61552E-01  1.36926E+00 -1.61551E-01
 1.89968 -1.37138E+00 -1.61201E-01  1.98958E-08 -2.11723E-08 -9.29544E-09  1.70524E-08 -1.44234E+00 -7.38998E-02  1.37139E+00 -1.61201E-01
 1.90267 -1.48928E-08 -1.07224E-08  1.21448E-08  1.75036E-08 -1.44430E+00 -7.38524E-02 -1.37352E+00 -1.60883E-01  1.44430E+00 -7.38524E-02
 1.90566 -2.11423E-08 -1.39268E-08  1.44626E+00 -7.38050E-02  7.76350E-09  1.20445E-08 -1.37564E+00 -1.60535E-01  1.37564E+00 -1.60535E-01
 1.90865 -1.37774E+00 -1.60133E-01  2.30341E-08 -1.71841E-08 -9.33336E-09  4.25204E-08 -1.44822E+00 -7.37572E-02  1.37774E+00 -1.60132E-01
 1.91164 -5.87203E-09  3.27873E-08  2.03631E-08 -2.00034E-08 -1.45018E+00 -7.37095E-02 -1.37986E+00 -1.59789E-01  1.45018E+00 -7.37094E-02
 1.91463 -1.92493E-08 -4.42734E-09  1.45215E+00 -7.36616E-02  2.37828E-08  1.35697E-08 -1.38198E+00 -1.59432E-01  1.38198E+00 -1.59432E-01
 1.91762 -1.38409E+00 -1.59093E-01  1.77328E-08  1.81599E-08 -4.60953E-09 -1.88020E-08 -1.45411E+00 -7.36211E-02  1.38409E+00 -1.59093E-01
 1.92061  6.85948E-09 -2.51237E-08 -1.26060E-08  1.08362E-09 -1.45608E+00 -7.35759E-02 -1.38621E+00 -1.58755E-01  1.45608E+00 -7.35759E-02
 1.92360  3.12068E-09  2.03340E-08  1.45804E+00 -7.35268E-02 -3.50859E-08 -2.77251E-08 -1.38833E+00 -1.58417E-01  1.38833E+00 -1.58418E-01
 1.92659 -1.39045E+00 -1.58082E-01  2.74670E-08 -7.76650E-09 -1.40254E-08  2.29263E-08 -1.46001E+00 -7.34779E-02  1.39045E+00 -1.58082E-01
 1.92958 -1.85806E-09 -1.83437E-08 -1.43658E-08  1.37232E-08 -1.46197E+00 -7.34258E-02 -1.39256E+00 -1.57748E-01  1.46197E+00 -7.34258E-02
 1.93257 -2.51335E-08  1.99936E-09  1.46394E+00 -7.33838E-02 -9.15360E-09 -6.10952E-09 -1.39468E+00 -1.57415E-01  1.39468E+00 -1.57415E-01
 1.93556 -1.39680E+00 -1.57084E-01 -3.31191E-08  1.23071E-09 -4.59425E-09  1.83491E-09 -1.46591E+00 -7.33349E-02  1.39680E+00 -1.57084E-01
 1.93855  1.73945E-08  5.15261E-09 -1.92738E-08 -4.69132E-09 -1.46787E+00 -7.32858E-02 -1.39892E+00 -1.56752E-01  1.46787E+00 -7.32858E-02
 1.94154 -1.80386E-09  2.32218E-08  1.46984E+00 -7.32367E-02 -8.24819E-10 -1.08844E-08 -1.40104E+00 -1.56400E-01  1.40104E+00 -1.56401E-01
 1.94453 -1.40316E+00 -1.56074E-01 -5.67811E-09  1.25067E-08 -5.10762E-09 -1.56489E-08 -1.47181E+00 -7.31874E-02  1.40316E+00 -1.56074E-01
 1.94752 -9.18289E-09  1.88671E-08  3.73350E-09 -1.38559E-08 -1.47378E+00 -7.31380E-02 -1.40528E+00 -1.55750E-01  1.47378E+00 -7.31380E-02
 1.95051 -1.26667E-08 -6.92999E-10  1.47575E+00 -7.30885E-02  9.95718E-09 -4.23745E-08 -1.40740E+00 -1.55408E-01  1.40740E+00 -1.55409E-01
 1.95350 -1.40952E+00 -1.55086E-01  4.36617E-09  2.87104E-08 -4.91463E-09 -2.91750E-08 -1.47772E+00 -7.30389E-02  1.40952E+00 -1.55086E-01
 1.95649 -5.30199E-09  2.72200E-08  7.72103E-09 -2.51453E-08 -1.47969E+00 -7.29892E-02 -1.41164E+00 -1.54766E-01  1.47969E+00 -7.29892E-02
 1.95948  2.10567E-08  2.57720E-08  1.48166E+00 -7.29393E-02 -1.87778E-08 -1.10763E-08 -1.41375E+00 -1.54426E-01  1.41375E+00 -1.54426E-01
 1.96247 -1.41587E+00 -1.54109E-01  5.06782E-09  1.72443E-08 -4.55536E-09 -1.56889E-08 -1.48363E+00 -7.28894E-02  1.41587E+00 -1.54109E-01
 1.96546 -2.42351E-08  2.92560E-08  4.80609E-10 -9.04284E-09 -1.48560E+00 -7.28459E-02 -1.41799E+00 -1.53793E-01  1.48560E+00 -7.28459E-02
 1.96845 -2.00499E-08  4.60212E-09  1.48757E+00 -7.27957E-02  8.84106E-09 -1.69624E-08 -1.42009E+00 -1.53437E-01  1.42009E+00 -1.53437E-01
 1.97144 -1.42221E+00 -1.53124E-01  2.76676E-08  7.45769E-09 -3.20056E-08 -4.63206E-09 -1.48954E+00 -7.27450E-02  1.42221E+00 -1.53124E-01
 1.97443 -2.77669E-09 -4.95558E-09 -1.99235E-08 -3.20672E-08 -1.49151E+00 -7.26946E-02 -1.42430E+00 -1.52947E-01  1.49151E+00 -7.26946E-02
 1.97742 -4.53481E-09  1.33755E-08  1.49349E+00 -7.26440E-02  3.55817E-09 -9.67718E-09 -1.42641E+00 -1.52638E-01  1.42641E+00 -1.52638E-01
 1.98041 -1.42852E+00 -1.52327E-01  2.79855E-08  9.27097E-09 -2.05250E-08 -1.12887E-09 -1.49546E+00 -7.25934E-02  1.42852E+00 -1.52327E-01
 1.98340 -1.14831E-08  2.65693E-08  2.44966E-08 -1.01961E-09 -1.49743E+00 -7.25411E-02 -1.43063E+00 -1.52016E-01  1.49743E+00 -7.25411E-02
 1.98639 -9.22823E-09  1.95915E-08  1.49941E+00 -7.24896E-02 -3.26837E-08  2.08285E-08 -1.43275E+00 -1.51708E-01  1.43275E+00 -1.51708E-01
 1.98938 -1.43486E+00 -1.51404E-01 -5.48925E-10  2.56306E-08  6.26811E-10 -2.57871E-08 -1.50138E+00 -7.24386E-02  1.43486E+00 -1.51403E-01
 1.99237  2.22611E-08 -9.85199E-09 -9.40222E-09  4.07862E-09 -1.50336E+00 -7.23877E-02 -1.43698E+00 -1.51123E-01  1.50336E+00 -7.23877E-02
 1.99536 -1.37620E-08  3.15576E-08  1.50533E+00 -7.23366E-02 -1.00193E-08 -2.54426E-08 -1.43909E+00 -1.50818E-01  1.43909E+00 -1.50818E-01
 1.99835 -1.44121E+00 -1.50514E-01  1.79452E-08 -1.79018E-08 -1.89593E-08  2.08420E-08 -1.50731E+00 -7.22854E-02  1.44121E+00 -1.50514E-01
 2.00134  2.22457E-08  1.35423E-08 -1.83887E-08 -4.04799E-08 -1.50929E+00 -7.22342E-02 -1.44333E+00 -1.50190E-01  1.50929E+00 -7.22342E-02
 2.00433  1.95567E-08  1.40910E-08  1.51126E+00 -7.21829E-02 -2.22974E-08 -8.23359E-10 -1.44543E+00 -1.49868E-01  1.44543E+00 -1.49868E-01
 2.00732 -1.44755E+00 -1.49570E-01  3.55447E-08  2.82629E-09 -1.89151E-08  4.09191E-09 -1.51324E+00 -7.21315E-02  1.44755E+00 -1.49570E-01
 2.01031  1.21252E-08  2.42954E-08 -3.48313E-09 -3.40272E-09 -1.51522E+00 -7.20800E-02 -1.44966E+00 -1.49273E-01  1.51522E+00 -7.20800E-02
 2.01330 -1.89795E-08  2.76528E-09  1.51720E+00 -7.20275E-02  1.76431E-09 -2.45571E-08 -1.45177E+00 -1.48977E-01  1.45177E+00 -1.48977E-01
 2.01629 -1.45389E+00 -1.48682E-01  2.66113E-08  3.07641E-09 -2.15321E-08 -1.32783E-09 -1.51917E+00 -7.19756E-02  1.45389E+00 -1.48682E-01
 2.01928 -1.65762E-08  2.32835E-08  1.13366E-08 -1.75194E-08 -1.52115E+00 -7.19237E-02 -1.45600E+00 -1.48388E-01  1.52115E+00 -7.19237E-02
 2.02227  1.04931E-08  3.46338E-09  1.52313E+00 -7.18752E-02 -7.55448E-09  2.39927E-08 -1.45811E+00 -1.48095E-01  1.45811E+00 -1.48095E-01
 2.02526 -1.46022E+00 -1.47805E-01  3.05767E-08 -7.23829E-09 -2.59789E-08  9.49116E-09 -1.52511E+00 -7.18233E-02  1.46022E+00 -1.47805E-01
 2.02825 -1.74988E-08 -2.07755E-08 -6.26417E-09  1.11315E-08 -1.52709E+00 -7.17714E-02 -1.46234E+00 -1.47514E-01  1.52709E+00 -7.17714E-02
 2.03124  1.80459E-08  3.10071E-08  1.52907E+00 -7.17194E-02 -1.56541E-08 -3.02251E-08 -1.46444E+00 -1.47192E-01  1.46445E+00 -1.47222E-01
 2.03423 -1.46655E+00 -1.46904E-01 -2.41617E-09  3.11675E-08  8.14027E-10 -2.39495E-08 -1.53106E+00 -7.16673E-02  1.46655E+00 -1.46904E-01
 2.03722 -1.75888E-08 -2.52228E-08  2.23491E-08  2.24403E-09 -1.53304E+00 -7.16152E-02 -1.46866E+00 -1.46618E-01  1.53304E+00 -7.16152E-02
 2.04021  2.94077E-09  3.38340E-08  1.53502E+00 -7.15630E-02  6.00901E-10 -1.62334E-08 -1.47078E+00 -1.46334E-01  1.47078E+00 -1.46334E-01
 2.04320 -1.47289E+00 -1.46041E-01  2.27510E-08 -1.06818E-08 -2.53484E-08  9.70537E-10 -1.53700E+00 -7.15107E-02  1.47289E+00 -1.46041E-01
 2.04619  2.02025E-08  2.37833E-08 -1.76832E-08 -2.12447E-08 -1.53898E+00 -7.14569E-02 -1.47500E+00 -1.45758E-01  1.53898E+00 -7.14569E-02
 2.04918 -8.94417E-09  2.86318E-08  1.54097E+00 -7.14045E-02 -7.12880E-09 -1.09512E-08 -1.47711E+00 -1.45476E-01  1.47711E+00 -1.45476E-01
 2.05217 -1.47922E+00 -1.45196E-01  9.35192E-09  1.65195E-08 -9.28296E-09 -1.55495E-08 -1.54295E+00 -7.13520E-02  1.47922E+00 -1.45195E-01
 2.05516  1.59786E-08  6.05344E-09 -2.35104E-08  3.48129E-09 -1.54493E+00 -7.12988E-02 -1.48133E+00 -1.44895E-01  1.54493E+00 -7.12988E-02
 2.05815 -1.74954E-08  1.82318E-08  1.54692E+00 -7.12463E-02  1.50542E-08 -1.22640E-08 -1.48344E+00 -1.44618E-01  1.48344E+00 -1.44618E-01
 2.06114 -1.48555E+00 -1.44341E-01  2.00798E-08 -1.44817E-09 -9.56664E-09  1.55055E-08 -1.54890E+00 -7.11934E-02  1.48555E+00 -1.44341E-01
 2.06413  5.38675E-09  2.90825E-08  7.14521E-09 -2.38410E-08 -1.55089E+00 -7.11407E-02 -1.48766E+00 -1.44070E-01  1.55089E+00 -7.11407E-02
 2.06712 -4.12494E-09  1.68390E-08  1.55288E+00 -7.10880E-02 -9.69626E-09 -9.17837E-09 -1.48977E+00 -1.43776E-01  1.48977E+00 -1.43777E-01
 2.07011 -1.49189E+00 -1.43504E-01  2.78827E-08  1.59624E-08 -2.28147E-08  4.11465E-09 -1.55486E+00 -7.10353E-02  1.49189E+00 -1.43504E-01
 2.07310 -9.95254E-09 -2.22471E-09  2.06971E-08 -1.02246E-09 -1.55685E+00 -7.09823E-02 -1.49400E+00 -1.43232E-01  1.55685E+00 -7.09823E-02
