 0.01000  3.67855E-01 -8.83659E-21 -7.65866E-05 -2.80349E-07 -2.67096E-12  1.14131E-11
 0.03990  3.69399E-01 -3.23671E-23 -5.87335E-12 -6.79328E-11  5.90043E-12  6.92452E-11
 0.06980  3.72758E-01 -8.50615E-21 -5.54342E-11  8.77456E-11  5.58562E-11 -8.60116E-11
 0.09970  3.77862E-01 -3.21879E-13  2.38096E-11 -1.87864E-12 -2.30266E-11  4.61149E-12
 0.12960  3.84611E-01 -5.20440E-09  9.27253E-12 -4.73987E-11 -6.89351E-11  4.81674E-11
 0.15950  3.92894E-01 -6.45945E-07 -9.91425E-11 -4.89069E-11 -8.19580E-11  4.47597E-11
 0.18940  4.02596E-01 -1.00663E-05 -5.45286E-13 -2.35441E-10 -6.21382E-11 -5.49198E-12
 0.21930  4.13604E-01 -5.63832E-05  7.15801E-11 -8.23217E-11 -9.48875E-12 -1.02696E-10
 0.24920  4.25787E-01 -1.81243E-04 -1.81620E-10  4.09782E-11  7.56502E-11 -2.47211E-10
 0.27910  4.39003E-01 -4.20090E-04 -4.83963E-10  3.97103E-11  4.80340E-10 -1.25025E-11
 0.30900  4.53106E-01 -7.92775E-04 -4.60644E-11 -6.01272E-10  5.54496E-11  2.57826E-10
 0.33890  4.67969E-01 -1.30529E-03  3.39467E-10 -2.04294E-11 -3.93426E-10 -8.28777E-11
 0.36880  4.83485E-01 -1.95358E-03 -4.05205E-11  9.40881E-10  1.36163E-11 -8.21085E-10
 0.39870  4.99571E-01 -2.72645E-03 -9.29462E-10  2.53831E-12  1.05559E-09 -6.72303E-11
 0.42860  5.16157E-01 -3.60830E-03 -1.73569E-10 -5.49671E-10 -7.70090E-11  5.77027E-10
 0.45850  5.33189E-01 -4.58149E-03  1.44258E-09 -1.81223E-11 -1.45306E-09 -2.50286E-11
 0.48840  5.50620E-01 -5.62796E-03  1.42128E-09  2.54737E-12 -1.40380E-09 -1.34369E-10
 0.51830  5.68410E-01 -6.73013E-03 -1.95241E-09 -6.35497E-13  1.80015E-09  8.14026E-11
 0.54820  5.86526E-01 -7.87149E-03  7.75244E-11  1.29620E-09  7.55815E-11 -5.05354E-10
 0.57810  6.04938E-01 -9.03703E-03  3.36176E-10  4.23413E-12 -1.30439E-09  1.44166E-10
 0.60800  6.23617E-01 -1.02136E-02 -2.26385E-09 -2.27993E-10  9.46259E-10 -7.50076E-10
 0.63790  6.42539E-01 -1.13905E-02 -2.76460E-09 -1.15861E-10  2.48443E-09 -1.26585E-11
 0.66780  6.61680E-01 -1.25592E-02 -1.65969E-09 -1.45196E-10  1.99127E-09  4.47906E-10
 0.69770  6.81017E-01 -1.37141E-02  1.05150E-09 -3.15376E-10 -5.33937E-10  6.32161E-10
 0.72760  7.00529E-01 -1.48517E-02  2.77115E-09 -5.99012E-11 -2.98024E-09  1.32345E-10
 0.75750  7.20195E-01 -1.59709E-02  3.50718E-09  6.15224E-10 -1.45893E-09  6.34262E-10
 0.78740  7.39995E-01 -1.70721E-02  3.82654E-10  3.20892E-09  2.43796E-10  2.06507E-09
 0.81730  7.59910E-01 -1.81573E-02  6.05999E-10  7.53032E-10 -1.48561E-09  1.17534E-09
 0.84720  7.79922E-01 -1.92291E-02 -2.05576E-11 -2.15558E-09 -4.71166E-10  1.21912E-09
 0.87710  8.00013E-01 -2.02906E-02 -4.45704E-10 -6.87849E-10  1.06616E-09  4.37620E-11
 0.90700  8.20167E-01 -2.13450E-02  3.94942E-10  4.12574E-09 -3.87468E-11 -3.66855E-09
 0.93690  8.40371E-01 -2.23952E-02  5.97890E-10  2.69162E-09 -1.03362E-10 -3.29901E-09
 0.96680  8.60609E-01 -2.34436E-02  5.81003E-10 -3.34474E-09  8.73678E-10  1.15182E-09
 0.99670  8.80870E-01 -2.44922E-02 -1.19916E-09 -2.87303E-09  8.18535E-10  1.70141E-09
 1.02660  9.01145E-01 -2.55422E-02 -2.78816E-09  1.84538E-09 -2.68923E-10 -1.65133E-09
 1.05650  9.21422E-01 -2.65943E-02 -9.78110E-11  5.62029E-09 -1.01541E-10 -4.70491E-09
 1.08640  9.41694E-01 -2.76485E-02  6.66099E-10  3.74549E-09 -3.49957E-09 -8.11809E-10
 1.11630  9.61955E-01 -2.87041E-02 -4.97513E-10 -3.77925E-09 -4.05125E-10  3.91107E-09
 1.14620  9.82199E-01 -2.97602E-02 -1.61649E-09 -1.57375E-09  1.39421E-09 -1.08101E-09
 1.17610  1.00242E+00 -3.08152E-02 -3.02886E-09  5.65731E-10  1.74354E-09 -1.08915E-09
 1.20600  1.02262E+00 -3.18672E-02 -5.35916E-10  6.15743E-09  6.38325E-10  3.90941E-09
 1.23590  1.04279E+00 -3.29143E-02  2.98255E-09  3.01176E-10 -3.12768E-09 -5.08617E-10
 1.26580  1.06292E+00 -3.39540E-02  8.72971E-11 -2.26084E-09  6.99976E-10  2.91025E-09
 1.29570  1.08303E+00 -3.49841E-02  8.46913E-11 -4.46681E-09  4.43664E-10  3.56053E-09
 1.32560  1.10311E+00 -3.60019E-02  2.36324E-10 -6.72384E-09 -1.51917E-09  5.17009E-09
 1.35550  1.12315E+00 -3.70052E-02  5.08412E-10 -7.83982E-09 -5.54572E-10  7.68657E-09
 1.38540  1.14317E+00 -3.79915E-02  8.96833E-10 -7.82107E-09  5.97049E-10  8.25208E-09
 1.41530  1.16315E+00 -3.89585E-02 -7.50834E-09 -1.98981E-10  8.15825E-09  7.85277E-10
 1.44520  1.18311E+00 -3.99040E-02  1.51851E-09  1.03231E-09  6.17073E-09 -7.77383E-10
 1.47510  1.20304E+00 -4.08262E-02  4.05809E-09 -8.75194E-11 -5.35729E-09  3.55712E-09
 1.50500  1.22294E+00 -4.17231E-02  2.51273E-10 -1.20670E-08 -5.31591E-10  1.23611E-08
 1.53490  1.24282E+00 -4.25931E-02  5.92654E-09 -3.86793E-10 -6.19273E-10  2.72451E-09
 1.56480  1.26268E+00 -4.34348E-02  1.00061E-08  1.63287E-10 -9.90835E-09 -2.29516E-10
 1.59470  1.28252E+00 -4.42470E-02  4.86453E-09 -3.02155E-09 -6.89844E-09 -1.76678E-10
 1.62460  1.30234E+00 -4.50286E-02  1.52403E-09 -4.22213E-09  8.42035E-09  2.88839E-09
 1.65450  1.32215E+00 -4.57790E-02 -1.20108E-11 -3.43846E-09  6.74994E-09 -6.68522E-10
 1.68440  1.34194E+00 -4.64973E-02  2.56618E-10 -6.71082E-10 -7.54746E-09 -3.14117E-10
 1.71430  1.36173E+00 -4.71833E-02  2.32612E-09  4.09737E-09 -9.26114E-09  1.37334E-09
 1.74420  1.38151E+00 -4.78366E-02  5.52841E-09 -4.61385E-10  1.60048E-09  4.40280E-09
 1.77410  1.40128E+00 -4.84572E-02  1.05351E-08  1.27020E-10  8.57182E-09  3.88424E-10
 1.80400  1.42104E+00 -4.90451E-02  2.14802E-10  8.22742E-09 -1.79220E-09 -7.55038E-09
 1.83390  1.44081E+00 -4.96005E-02 -1.07964E-08  2.90691E-11  7.82259E-09  3.41079E-12
 1.86380  1.46058E+00 -5.01238E-02 -3.16834E-09 -8.98059E-10  1.46522E-09  2.39568E-09
 1.89370  1.48034E+00 -5.06153E-02  1.27901E-08  6.51263E-10 -1.30800E-08 -8.95507E-10
 1.92360  1.50011E+00 -5.10756E-02  1.20677E-08  9.86741E-10 -6.55646E-09  1.32811E-09
 1.95350  1.51989E+00 -5.15054E-02 -5.34629E-09  1.08541E-10  1.26763E-08  6.12617E-10
 1.98340  1.53967E+00 -5.19053E-02  7.02859E-09 -1.30758E-10 -7.15925E-09 -6.86081E-10
 2.01330  1.55946E+00 -5.22760E-02  1.40977E-08  2.22989E-12 -1.44610E-08 -5.67256E-11
 2.04320  1.57926E+00 -5.26184E-02  5.23049E-09  2.46515E-09 -9.24395E-09  2.49882E-09
 2.07310  1.59907E+00 -5.29333E-02 -1.32720E-08  5.77329E-09  1.28644E-08  3.66682E-10
 2.10300  1.61889E+00 -5.32216E-02 -1.47382E-08  1.53193E-09  1.17615E-08  2.44527E-11
 2.13290  1.63872E+00 -5.34841E-02 -4.70791E-10 -8.10582E-09 -1.25690E-08  1.47837E-09
 2.16280  1.65856E+00 -5.37219E-02 -4.02951E-10 -7.48963E-09 -3.46127E-10  7.86566E-09
 2.19270  1.67842E+00 -5.39358E-02 -1.13720E-08  1.17174E-09  6.83530E-09 -5.22234E-10
 2.22260  1.69829E+00 -5.41268E-02 -5.40216E-09 -4.23712E-09  5.55882E-10 -9.83963E-09
 2.25250  1.71818E+00 -5.42957E-02  4.34483E-09 -4.93084E-09 -1.16361E-09 -7.42050E-09
 2.28240  1.73808E+00 -5.44436E-02  2.61023E-09  7.21735E-11  1.67443E-09  6.73863E-09
 2.31230  1.75800E+00 -5.45712E-02 -1.22269E-08 -2.87013E-10  1.32749E-08 -5.82415E-13
 2.34220  1.77794E+00 -5.46796E-02  1.54100E-09  1.01977E-08  9.55715E-10 -1.27178E-08
 2.37210  1.79789E+00 -5.47695E-02  2.10756E-09  1.26474E-08 -1.20186E-11 -9.30603E-09
 2.40200  1.81785E+00 -5.48419E-02  2.55911E-09  4.58442E-09  1.03915E-08  1.02364E-08
 2.43190  1.83784E+00 -5.48975E-02  3.96766E-09 -9.97665E-09 -1.32570E-09  3.67054E-09
 2.46180  1.85784E+00 -5.49372E-02 -3.25727E-09 -2.24595E-09  6.00499E-09 -2.67910E-09
 2.49170  1.87786E+00 -5.49618E-02  4.07538E-10  1.31274E-08 -4.11152E-10 -1.20979E-08
 2.52160  1.89789E+00 -5.49721E-02  1.18025E-08  1.52986E-09 -1.14307E-08  2.09377E-11
 2.55150  1.91794E+00 -5.49687E-02  4.23040E-09 -9.04557E-09 -2.43624E-09  1.05698E-08
 2.58140  1.93801E+00 -5.49524E-02 -7.84137E-09 -3.62006E-09  1.14963E-08  1.90529E-09
 2.61130  1.95810E+00 -5.49239E-02 -1.27864E-08 -6.22253E-10  1.40143E-08 -1.62970E-10
 2.64120  1.97820E+00 -5.48838E-02 -1.06143E-08 -2.06108E-11  5.12382E-09  4.36831E-09
 2.67110  1.99832E+00 -5.48328E-02 -1.32502E-09 -1.81513E-09 -1.52050E-08  1.54994E-08
 2.70100  2.01846E+00 -5.47714E-02  1.11169E-08 -2.86519E-09 -1.31745E-08  4.94616E-10
 2.73090  2.03861E+00 -5.47003E-02  1.67517E-08  1.76572E-09 -1.86930E-08 -1.50380E-10
 2.76080  2.05878E+00 -5.46201E-02  1.74706E-08  6.42043E-13 -1.90980E-08  2.63018E-10
 2.79070  2.07897E+00 -5.45311E-02  1.58356E-08 -1.55378E-09 -1.44058E-08  1.74143E-09
 2.82060  2.09917E+00 -5.44341E-02  1.18651E-08 -2.89578E-09 -4.62159E-09  4.28847E-09
 2.85050  2.11939E+00 -5.43293E-02  5.55270E-09 -4.03287E-09  1.02645E-08  7.90731E-09
 2.88040  2.13962E+00 -5.42174E-02  9.77595E-10 -1.46688E-08  2.85984E-09  1.70781E-08
 2.91030  2.15987E+00 -5.40987E-02 -1.22785E-09 -1.65799E-08 -1.01252E-09  2.05207E-08
 2.94020  2.18014E+00 -5.39737E-02  1.61006E-10 -9.37831E-09  1.37440E-08  5.20891E-09
 2.97010  2.20042E+00 -5.38427E-02  5.14823E-09  6.94400E-09 -1.85711E-09 -1.46259E-08
