 0.01000  3.67846E-01 -8.96465E-21 -4.99926E-05 -3.32213E-07  7.03514E-11  2.41011E-11
 0.03990  3.69248E-01  1.31318E-22  4.16866E-11 -1.91655E-11 -3.73532E-11  2.38711E-11
 0.06980  3.72308E-01 -2.62180E-22 -4.99061E-12  1.16656E-11  6.03195E-12  4.42735E-11
 0.09970  3.76974E-01 -1.15784E-26  5.78742E-11 -4.73114E-14 -1.53234E-11  5.57709E-11
 0.12960  3.83172E-01  1.47393E-33  9.88244E-11 -5.06821E-11 -1.03250E-10  5.64858E-11
 0.15950  3.90812E-01 -2.28668E-12  5.44177E-11 -8.02553E-11 -2.30223E-11  7.39921E-11
 0.18940  3.99793E-01 -1.30067E-09 -7.25159E-11  4.43625E-11  8.73152E-11  2.02778E-12
 0.21930  4.10011E-01 -6.85025E-08 -3.14119E-10 -3.86469E-13  3.22933E-10 -1.49075E-11
 0.24920  4.21360E-01 -9.67424E-07 -4.50019E-11 -3.88136E-10  1.99666E-11  3.83063E-10
 0.27910  4.33739E-01 -6.21138E-06  1.79609E-13 -3.52157E-10 -4.93583E-14  3.52273E-10
 0.30900  4.47051E-01 -2.41992E-05 -9.14557E-14  4.53190E-10  1.24453E-12 -4.52907E-10
 0.33890  4.61197E-01 -6.79681E-05 -3.37666E-11  2.02944E-09  3.42488E-13 -5.64291E-10
 0.36880  4.76078E-01 -1.53953E-04 -2.38291E-11 -7.05143E-11 -2.75823E-12  1.81392E-11
 0.39870  4.91590E-01 -3.03552E-04 -2.20319E-11 -5.84792E-09 -6.97054E-10  2.36374E-11
 0.42860  5.07635E-01 -5.46810E-04 -9.85280E-10 -3.79313E-12  9.72334E-10 -1.96762E-11
 0.45850  5.24133E-01 -9.21886E-04  1.18776E-09  2.52638E-11 -9.30781E-10 -2.24778E-11
 0.48840  5.41028E-01 -1.46671E-03  4.48238E-10 -1.58531E-10 -6.40925E-09  8.20820E-11
 0.51830  5.58288E-01 -2.20787E-03 -6.45189E-10  1.07456E-10  4.53606E-10  5.51771E-11
 0.54820  5.75896E-01 -3.15430E-03 -3.70511E-10  4.54215E-10  1.49159E-10 -2.36262E-10
 0.57810  5.93840E-01 -4.29845E-03  1.27520E-09  8.80785E-10 -2.24659E-10 -6.96119E-10
 0.60800  6.12105E-01 -5.62180E-03  1.97595E-09  2.86405E-10 -2.03180E-09 -1.53062E-10
 0.63790  6.30675E-01 -7.10090E-03  1.73445E-09 -1.32972E-09 -1.90904E-09  5.67109E-11
 0.66780  6.49529E-01 -8.71173E-03  2.79782E-10 -2.75913E-09  1.43847E-10 -6.69059E-11
 0.69770  6.68643E-01 -1.04320E-02 -1.39193E-10 -2.71570E-09  4.55967E-10  1.92845E-09
 0.72760  6.87995E-01 -1.22418E-02  4.77993E-10 -1.20063E-09 -2.46297E-11  2.83763E-09
 0.75750  7.07565E-01 -1.41234E-02  2.22670E-09  4.17740E-10 -2.04052E-09 -5.35631E-11
 0.78740  7.27333E-01 -1.60605E-02  1.25470E-09  4.91475E-10  4.72095E-11 -4.29027E-10
 0.81730  7.47280E-01 -1.80380E-02 -2.43999E-09 -9.81068E-10  1.66302E-09  8.43192E-11
 0.84720  7.67389E-01 -2.00411E-02 -7.31476E-11 -2.69833E-10  1.47675E-09  6.92476E-10
 0.87710  7.87646E-01 -2.20559E-02  2.60422E-09 -1.40255E-11 -5.11512E-10  1.39537E-09
 0.90700  8.08034E-01 -2.40686E-02  9.68118E-10  1.68717E-09 -1.35213E-09 -1.35778E-09
 0.93690  8.28538E-01 -2.60657E-02 -9.59316E-10  2.09166E-09  1.40869E-10 -9.01876E-10
 0.96680  8.49145E-01 -2.80348E-02 -1.84000E-10 -2.19964E-09  6.92423E-10  1.29310E-09
 0.99670  8.69838E-01 -2.99641E-02  7.28178E-10 -1.03048E-09 -8.21059E-10  2.84765E-09
 1.02660  8.90604E-01 -3.18431E-02  6.41103E-11  1.59910E-10 -2.91147E-10  3.32687E-10
 1.05650  9.11426E-01 -3.36622E-02 -7.24873E-11 -9.63849E-11 -8.26260E-11 -1.61568E-09
 1.08640  9.32290E-01 -3.54135E-02  3.18575E-10 -1.79942E-09 -1.95704E-10 -2.99905E-09
 1.11630  9.53183E-01 -3.70903E-02  1.23044E-09 -4.95626E-09 -1.56374E-09 -2.79812E-09
 1.14620  9.74089E-01 -3.86875E-02  6.04375E-10 -4.00874E-09 -4.18678E-09 -1.01217E-09
 1.17610  9.94996E-01 -4.02013E-02 -1.56142E-09  1.04451E-09  7.25815E-10  4.61883E-10
 1.20600  1.01589E+00 -4.16293E-02  2.97444E-10  2.65192E-09  1.12687E-09  5.38511E-10
 1.23590  1.03676E+00 -4.29701E-02  1.24289E-09  2.48698E-09 -2.98596E-09 -7.81148E-10
 1.26580  1.05760E+00 -4.42239E-02  1.27620E-09  5.50216E-10 -3.96279E-09 -2.09944E-10
 1.29570  1.07839E+00 -4.53920E-02  9.24414E-11  3.36342E-11 -1.80656E-09  2.25522E-09
 1.32560  1.09912E+00 -4.64774E-02 -2.31159E-09  9.38717E-10 -6.60671E-12  5.27304E-09
 1.35550  1.11978E+00 -4.74852E-02  9.45144E-10  8.48701E-09  1.42403E-09  8.84357E-09
 1.38540  1.14038E+00 -4.84222E-02  4.58822E-10  3.97879E-09 -8.75212E-10  3.03197E-09
 1.41530  1.16089E+00 -4.92976E-02 -3.37637E-09 -5.87635E-10  2.80295E-09  1.15277E-09
 1.44520  1.18132E+00 -5.01218E-02 -3.74227E-10 -5.96175E-09  1.47917E-11  7.27123E-09
 1.47510  1.20167E+00 -5.09056E-02  1.27461E-09 -1.59194E-09 -3.34260E-09  4.64445E-10
 1.50500  1.22195E+00 -5.16586E-02  6.25901E-09 -5.83077E-11 -4.93029E-09 -2.17643E-10
 1.53490  1.24216E+00 -5.23883E-02  6.46090E-09 -1.00147E-09 -4.74879E-09  5.23349E-09
 1.56480  1.26230E+00 -5.30995E-02  1.13643E-08  5.22163E-10 -1.00411E-08  2.49634E-10
 1.59470  1.28240E+00 -5.37940E-02 -1.07837E-09  2.60344E-09 -1.04588E-09 -3.24783E-09
 1.62460  1.30246E+00 -5.44718E-02 -7.66415E-09 -6.32163E-10  9.91316E-09  7.87654E-12
 1.65450  1.32248E+00 -5.51313E-02 -5.47065E-09 -9.27990E-10  6.69502E-09  1.40716E-09
 1.68440  1.34246E+00 -5.57706E-02  5.20572E-10  8.58822E-09 -5.10003E-12 -7.00116E-09
 1.71430  1.36243E+00 -5.63875E-02  7.03095E-09  2.06510E-10 -7.58827E-09 -2.03340E-10
 1.74420  1.38237E+00 -5.69799E-02 -5.54796E-09 -2.33351E-09  5.73018E-09  6.66248E-10
 1.77410  1.40229E+00 -5.75462E-02 -8.67363E-09 -7.25135E-11  6.98282E-09 -8.22682E-10
 1.80400  1.42220E+00 -5.80852E-02 -9.17120E-09  1.18972E-10  9.53650E-09  2.83293E-11
 1.83390  1.44209E+00 -5.85958E-02 -7.04663E-09 -1.75908E-09  1.01313E-08  1.22259E-09
 1.86380  1.46198E+00 -5.90775E-02 -2.29270E-09 -5.71249E-09  5.01321E-10  4.92621E-09
 1.89370  1.48185E+00 -5.95299E-02 -1.26913E-10 -6.14062E-09 -1.48969E-09  8.13209E-09
 1.92360  1.50172E+00 -5.99530E-02 -7.39229E-12 -7.24493E-09  4.17216E-09  1.08698E-08
 1.95350  1.52157E+00 -6.03469E-02 -4.14411E-09 -9.71536E-09 -1.11202E-09  6.83011E-09
 1.98340  1.54143E+00 -6.07116E-02 -1.56463E-09 -5.38799E-09  7.88782E-10  7.03503E-09
 2.01330  1.56128E+00 -6.10475E-02  3.35892E-09  1.35022E-09 -2.35255E-09  2.30036E-11
 2.04320  1.58114E+00 -6.13552E-02  2.96754E-09  1.17191E-09 -3.45446E-09 -2.54050E-09
 2.07310  1.60099E+00 -6.16351E-02 -3.50356E-09 -5.55025E-09 -2.51948E-09 -6.55996E-10
 2.10300  1.62085E+00 -6.18879E-02 -1.27677E-08  1.38169E-09  1.07550E-08  2.21681E-10
 2.13290  1.64070E+00 -6.21142E-02 -6.71584E-12  6.44955E-09  3.63883E-08 -6.49452E-11
 2.16280  1.66057E+00 -6.23147E-02  1.22509E-09  9.11627E-09 -2.46964E-09 -4.67361E-09
 2.19270  1.68044E+00 -6.24902E-02 -8.21881E-09  1.69410E-09  5.86119E-09  3.58694E-10
 2.22260  1.70032E+00 -6.26415E-02 -8.82956E-09  4.03316E-10  5.46799E-09  6.27856E-09
 2.25250  1.72021E+00 -6.27694E-02  4.33213E-10  4.28974E-09 -3.62972E-09  1.31912E-08
 2.28240  1.74010E+00 -6.28748E-02  3.41230E-11  7.79413E-09  6.58581E-10 -7.19735E-09
 2.31230  1.76001E+00 -6.29584E-02 -8.06394E-09  2.26847E-09  7.86958E-09 -2.61872E-10
 2.34220  1.77993E+00 -6.30212E-02 -1.13326E-08 -1.25719E-09  8.00303E-09 -4.46158E-10
 2.37210  1.79986E+00 -6.30640E-02 -6.48601E-09  1.04793E-10  5.86621E-09 -2.49452E-09
 2.40200  1.81980E+00 -6.30877E-02  8.72153E-10  1.04572E-08 -6.60900E-13 -1.05162E-08
 2.43190  1.83975E+00 -6.30930E-02  1.90038E-09  5.22153E-09  2.60783E-09  1.06116E-09
 2.46180  1.85972E+00 -6.30809E-02 -2.58996E-09 -5.80279E-09 -9.31503E-13  1.17585E-08
 2.49170  1.87971E+00 -6.30521E-02 -1.13991E-09 -8.52528E-09 -5.80623E-10  9.72906E-09
 2.52160  1.89971E+00 -6.30075E-02  6.26056E-09 -2.94607E-09  8.67330E-10 -5.02877E-09
 2.55150  1.91972E+00 -6.29478E-02  6.70093E-09  1.57186E-09 -2.83267E-09 -4.75908E-09
 2.58140  1.93975E+00 -6.28738E-02  1.81488E-10  5.03352E-09 -1.01997E-08 -1.51650E-09
 2.61130  1.95979E+00 -6.27863E-02 -1.32943E-08  7.40160E-09 -1.40065E-08 -2.95148E-09
 2.64120  1.97985E+00 -6.26860E-02 -6.53041E-09  1.56650E-09 -7.63066E-10 -1.38108E-08
 2.67110  1.99993E+00 -6.25736E-02  7.10094E-09 -3.32436E-09 -4.88734E-09 -1.77094E-13
 2.70100  2.02002E+00 -6.24498E-02  1.41301E-09 -7.98294E-09  4.10507E-09  7.12929E-09
 2.73090  2.04013E+00 -6.23152E-02 -3.14725E-09 -6.13554E-09  2.98713E-09  9.04136E-09
 2.76080  2.06026E+00 -6.21705E-02 -6.58847E-09  2.22131E-09 -8.25415E-09  5.72758E-09
 2.79070  2.08040E+00 -6.20162E-02 -3.07530E-09  8.37966E-09  1.16258E-09 -5.45497E-09
 2.82060  2.10055E+00 -6.18531E-02  2.36452E-09  8.41611E-09  3.46355E-09 -4.05961E-09
 2.85050  2.12073E+00 -6.16816E-02 -1.20593E-09  1.29771E-08 -1.36959E-09  9.88941E-09
 2.88040  2.14091E+00 -6.15023E-02  7.75148E-11  1.58095E-08 -3.19346E-10 -1.33495E-08
 2.91030  2.16112E+00 -6.13157E-02  6.21498E-09  1.69297E-08  8.08658E-09 -2.00392E-09
 2.94020  2.18134E+00 -6.11224E-02 -2.78646E-11  1.81563E-08 -1.29209E-09 -1.28468E-08
 2.97010  2.20158E+00 -6.09228E-02 -1.92473E-09  1.31624E-08 -4.72172E-14 -1.36398E-08
